0	1	1
1	0	1
1	2	1
2	1	1
1	3	1
3	1	1
1	4	1
4	1	1
1	5	1
5	1	1
1	6	1
6	1	1
1	7	1
7	1	1
1	8	1
8	1	1
1	9	1
9	1	1
1	10	1
10	1	1
2	3	1
3	2	1
2	60	1
60	2	1
2	350	1
350	2	1
2	8	1
8	2	1
2	13	1
13	2	1
2	217	1
217	2	1
3	3	1
3	3	1
3	351	1
351	3	1
3	352	1
352	3	1
3	353	1
353	3	1
3	6	1
6	3	1
3	355	1
355	3	1
3	60	1
60	3	1
3	356	1
356	3	1
3	357	1
357	3	1
3	350	1
350	3	1
3	8	1
8	3	1
3	217	1
217	3	1
3	69	1
69	3	1
3	358	1
358	3	1
3	359	1
359	3	1
3	9	1
9	3	1
3	10	1
10	3	1
3	11	1
11	3	1
4	407	1
407	4	1
4	199	1
199	4	1
4	432	1
432	4	1
4	433	1
433	4	1
4	51	1
51	4	1
4	435	1
435	4	1
4	68	1
68	4	1
4	13	1
13	4	1
4	11	1
11	4	1
4	436	1
436	4	1
5	42	1
42	5	1
5	826	1
826	5	1
5	1064	1
1064	5	1
5	13	1
13	5	1
5	1009	1
1009	5	1
5	11	1
11	5	1
6	42	1
42	6	1
6	116	1
116	6	1
6	23	1
23	6	1
6	546	1
546	6	1
6	10	1
10	6	1
6	11	1
11	6	1
6	687	1
687	6	1
7	83	1
83	7	1
7	44	1
44	7	1
7	267	1
267	7	1
7	580	1
580	7	1
7	264	1
264	7	1
7	717	1
717	7	1
7	820	1
820	7	1
7	829	1
829	7	1
7	830	1
830	7	1
7	831	1
831	7	1
7	854	1
854	7	1
7	909	1
909	7	1
7	910	1
910	7	1
7	967	1
967	7	1
7	1031	1
1031	7	1
7	1035	1
1035	7	1
7	1111	1
1111	7	1
7	1140	1
1140	7	1
7	1172	1
1172	7	1
7	1178	1
1178	7	1
7	1329	1
1329	7	1
7	1364	1
1364	7	1
7	1402	1
1402	7	1
7	1464	1
1464	7	1
7	1481	1
1481	7	1
7	1503	1
1503	7	1
7	1545	1
1545	7	1
7	1554	1
1554	7	1
7	1705	1
1705	7	1
7	1745	1
1745	7	1
7	1753	1
1753	7	1
7	1769	1
1769	7	1
7	355	1
355	7	1
7	1778	1
1778	7	1
7	1784	1
1784	7	1
7	52	1
52	7	1
7	1902	1
1902	7	1
7	1987	1
1987	7	1
7	2014	1
2014	7	1
7	2042	1
2042	7	1
7	2044	1
2044	7	1
7	2049	1
2049	7	1
7	297	1
297	7	1
7	2068	1
2068	7	1
7	2082	1
2082	7	1
7	2097	1
2097	7	1
7	2153	1
2153	7	1
7	1852	1
1852	7	1
7	62	1
62	7	1
7	2202	1
2202	7	1
7	7	1
7	7	1
7	2205	1
2205	7	1
7	2206	1
2206	7	1
7	350	1
350	7	1
7	2207	1
2207	7	1
7	2208	1
2208	7	1
7	2209	1
2209	7	1
7	8	1
8	7	1
7	2210	1
2210	7	1
7	2211	1
2211	7	1
7	2212	1
2212	7	1
7	2213	1
2213	7	1
7	2214	1
2214	7	1
7	13	1
13	7	1
7	2215	1
2215	7	1
7	2216	1
2216	7	1
7	2217	1
2217	7	1
7	1984	1
1984	7	1
7	2218	1
2218	7	1
7	2219	1
2219	7	1
7	359	1
359	7	1
7	2221	1
2221	7	1
7	2222	1
2222	7	1
7	2223	1
2223	7	1
7	2224	1
2224	7	1
7	1967	1
1967	7	1
7	2225	1
2225	7	1
7	2227	1
2227	7	1
7	2228	1
2228	7	1
7	2229	1
2229	7	1
7	2230	1
2230	7	1
7	2231	1
2231	7	1
7	331	1
331	7	1
7	2232	1
2232	7	1
7	2233	1
2233	7	1
7	2234	1
2234	7	1
7	2235	1
2235	7	1
7	2236	1
2236	7	1
7	2237	1
2237	7	1
8	351	1
351	8	1
8	1847	1
1847	8	1
8	356	1
356	8	1
8	414	1
414	8	1
8	13	1
13	8	1
8	358	1
358	8	1
8	483	1
483	8	1
8	9	1
9	8	1
8	2311	1
2311	8	1
8	184	1
184	8	1
9	42	1
42	9	1
9	44	1
44	9	1
9	887	1
887	9	1
9	921	1
921	9	1
9	349	1
349	9	1
9	1301	1
1301	9	1
9	168	1
168	9	1
9	960	1
960	9	1
9	1064	1
1064	9	1
9	1056	1
1056	9	1
9	1842	1
1842	9	1
9	62	1
62	9	1
9	350	1
350	9	1
9	63	1
63	9	1
9	219	1
219	9	1
9	1950	1
1950	9	1
9	13	1
13	9	1
9	2335	1
2335	9	1
9	11	1
11	9	1
9	2268	1
2268	9	1
9	652	1
652	9	1
10	42	1
42	10	1
10	96	1
96	10	1
10	424	1
424	10	1
10	46	1
46	10	1
10	787	1
787	10	1
10	832	1
832	10	1
10	970	1
970	10	1
10	976	1
976	10	1
10	979	1
979	10	1
10	1098	1
1098	10	1
10	1111	1
1111	10	1
10	1124	1
1124	10	1
10	1164	1
1164	10	1
10	48	1
48	10	1
10	1380	1
1380	10	1
10	960	1
960	10	1
10	1572	1
1572	10	1
10	1584	1
1584	10	1
10	1625	1
1625	10	1
10	1064	1
1064	10	1
10	1748	1
1748	10	1
10	52	1
52	10	1
10	1270	1
1270	10	1
10	1836	1
1836	10	1
10	54	1
54	10	1
10	1935	1
1935	10	1
10	57	1
57	10	1
10	1485	1
1485	10	1
10	1952	1
1952	10	1
10	2248	1
2248	10	1
10	2304	1
2304	10	1
10	2342	1
2342	10	1
10	2105	1
2105	10	1
10	480	1
480	10	1
10	2367	1
2367	10	1
10	2376	1
2376	10	1
10	13	1
13	10	1
10	1102	1
1102	10	1
10	72	1
72	10	1
10	10	1
10	10	1
10	2512	1
2512	10	1
10	11	1
11	10	1
12	13	1
13	12	1
13	683	1
683	13	1
13	352	1
352	13	1
13	1120	1
1120	13	1
13	356	1
356	13	1
13	68	1
68	13	1
13	2399	1
2399	13	1
13	69	1
69	13	1
13	11	1
11	13	1
14	15	1
15	14	1
15	92	1
92	15	1
15	295	1
295	15	1
15	429	1
429	15	1
15	733	1
733	15	1
15	925	1
925	15	1
15	1023	1
1023	15	1
15	1167	1
1167	15	1
15	1239	1
1239	15	1
15	1279	1
1279	15	1
15	1427	1
1427	15	1
15	1461	1
1461	15	1
15	1578	1
1578	15	1
15	1604	1
1604	15	1
15	1642	1
1642	15	1
15	1707	1
1707	15	1
15	1714	1
1714	15	1
15	1749	1
1749	15	1
15	1765	1
1765	15	1
15	1471	1
1471	15	1
15	1910	1
1910	15	1
15	1948	1
1948	15	1
15	1959	1
1959	15	1
15	1963	1
1963	15	1
15	1993	1
1993	15	1
15	363	1
363	15	1
15	1354	1
1354	15	1
15	2145	1
2145	15	1
15	2162	1
2162	15	1
15	2175	1
2175	15	1
15	2191	1
2191	15	1
15	2203	1
2203	15	1
15	1956	1
1956	15	1
15	102	1
102	15	1
15	2330	1
2330	15	1
15	2341	1
2341	15	1
15	2405	1
2405	15	1
15	2437	1
2437	15	1
15	2473	1
2473	15	1
15	2454	1
2454	15	1
15	1845	1
1845	15	1
15	2477	1
2477	15	1
15	2478	1
2478	15	1
15	2479	1
2479	15	1
16	17	1
17	16	1
16	18	1
18	16	1
17	317	1
317	17	1
18	1644	1
1644	18	1
18	1137	1
1137	18	1
19	20	1
20	19	1
20	677	1
677	20	1
20	1855	1
1855	20	1
20	2328	1
2328	20	1
21	22	1
22	21	1
21	23	1
23	21	1
22	631	1
631	22	1
22	40	1
40	22	1
22	632	1
632	22	1
22	633	1
633	22	1
22	634	1
634	22	1
22	635	1
635	22	1
22	636	1
636	22	1
22	637	1
637	22	1
22	638	1
638	22	1
22	274	1
274	22	1
22	639	1
639	22	1
22	640	1
640	22	1
22	641	1
641	22	1
22	231	1
231	22	1
23	178	1
178	23	1
23	381	1
381	23	1
23	497	1
497	23	1
23	313	1
313	23	1
23	595	1
595	23	1
23	738	1
738	23	1
23	922	1
922	23	1
23	270	1
270	23	1
23	1409	1
1409	23	1
23	1466	1
1466	23	1
23	1483	1
1483	23	1
23	561	1
561	23	1
23	1649	1
1649	23	1
23	1652	1
1652	23	1
23	1706	1
1706	23	1
23	636	1
636	23	1
23	1780	1
1780	23	1
23	702	1
702	23	1
23	192	1
192	23	1
23	1903	1
1903	23	1
23	401	1
401	23	1
23	1939	1
1939	23	1
23	1941	1
1941	23	1
23	305	1
305	23	1
23	1964	1
1964	23	1
23	1966	1
1966	23	1
23	1190	1
1190	23	1
23	2019	1
2019	23	1
23	2050	1
2050	23	1
23	2053	1
2053	23	1
23	2081	1
2081	23	1
23	1653	1
1653	23	1
23	1682	1
1682	23	1
23	2150	1
2150	23	1
23	2078	1
2078	23	1
23	924	1
924	23	1
23	1304	1
1304	23	1
23	1200	1
1200	23	1
23	1235	1
1235	23	1
23	2360	1
2360	23	1
23	180	1
180	23	1
23	286	1
286	23	1
23	592	1
592	23	1
23	2240	1
2240	23	1
23	1201	1
1201	23	1
23	498	1
498	23	1
23	105	1
105	23	1
23	2362	1
2362	23	1
23	2264	1
2264	23	1
23	2363	1
2363	23	1
23	489	1
489	23	1
23	2265	1
2265	23	1
23	1814	1
1814	23	1
23	521	1
521	23	1
23	257	1
257	23	1
23	2364	1
2364	23	1
23	377	1
377	23	1
23	522	1
522	23	1
23	1906	1
1906	23	1
23	2119	1
2119	23	1
23	902	1
902	23	1
23	2189	1
2189	23	1
24	25	1
25	24	1
25	917	1
917	25	1
25	1143	1
1143	25	1
25	498	1
498	25	1
26	27	1
27	26	1
27	1158	1
1158	27	1
28	29	1
29	28	1
28	30	1
30	28	1
29	29	1
29	29	1
31	32	1
32	31	1
32	1037	1
1037	32	1
32	1289	1
1289	32	1
32	1434	1
1434	32	1
32	1626	1
1626	32	1
32	1947	1
1947	32	1
32	125	1
125	32	1
32	2060	1
2060	32	1
32	129	1
129	32	1
32	1019	1
1019	32	1
32	2061	1
2061	32	1
33	34	1
34	33	1
34	454	1
454	34	1
34	455	1
455	34	1
34	456	1
456	34	1
34	457	1
457	34	1
34	458	1
458	34	1
34	404	1
404	34	1
35	36	1
36	35	1
36	945	1
945	36	1
36	1440	1
1440	36	1
36	998	1
998	36	1
36	1441	1
1441	36	1
36	1443	1
1443	36	1
36	1444	1
1444	36	1
36	1445	1
1445	36	1
36	1446	1
1446	36	1
36	1447	1
1447	36	1
37	39	1
39	37	1
37	40	1
40	37	1
37	41	1
41	37	1
40	856	1
856	40	1
41	116	1
116	41	1
41	308	1
308	41	1
41	406	1
406	41	1
41	581	1
581	41	1
41	723	1
723	41	1
41	864	1
864	41	1
41	930	1
930	41	1
41	1024	1
1024	41	1
41	1070	1
1070	41	1
41	1071	1
1071	41	1
41	1073	1
1073	41	1
41	1074	1
1074	41	1
41	242	1
242	41	1
41	1075	1
1075	41	1
41	1076	1
1076	41	1
41	1077	1
1077	41	1
41	1078	1
1078	41	1
41	1079	1
1079	41	1
41	1080	1
1080	41	1
41	1081	1
1081	41	1
41	1082	1
1082	41	1
41	1083	1
1083	41	1
41	60	1
60	41	1
41	737	1
737	41	1
41	1084	1
1084	41	1
41	1085	1
1085	41	1
41	1086	1
1086	41	1
41	699	1
699	41	1
41	692	1
692	41	1
41	1087	1
1087	41	1
41	1088	1
1088	41	1
41	752	1
752	41	1
41	1089	1
1089	41	1
41	1090	1
1090	41	1
41	1091	1
1091	41	1
41	622	1
622	41	1
41	1092	1
1092	41	1
41	1093	1
1093	41	1
41	489	1
489	41	1
41	1094	1
1094	41	1
41	1095	1
1095	41	1
41	205	1
205	41	1
42	42	1
42	42	1
42	44	1
44	42	1
42	45	1
45	42	1
42	46	1
46	42	1
42	47	1
47	42	1
42	48	1
48	42	1
42	49	1
49	42	1
42	50	1
50	42	1
42	51	1
51	42	1
42	53	1
53	42	1
42	54	1
54	42	1
42	55	1
55	42	1
42	56	1
56	42	1
42	59	1
59	42	1
42	60	1
60	42	1
42	61	1
61	42	1
42	64	1
64	42	1
42	65	1
65	42	1
42	66	1
66	42	1
42	67	1
67	42	1
42	69	1
69	42	1
42	70	1
70	42	1
42	71	1
71	42	1
42	72	1
72	42	1
42	11	1
11	42	1
44	52	1
52	44	1
44	231	1
231	44	1
46	453	1
453	46	1
46	72	1
72	46	1
48	312	1
312	48	1
48	418	1
418	48	1
48	313	1
313	48	1
48	266	1
266	48	1
48	1260	1
1260	48	1
48	1340	1
1340	48	1
48	561	1
561	48	1
48	131	1
131	48	1
48	999	1
999	48	1
48	1341	1
1341	48	1
48	1342	1
1342	48	1
48	425	1
425	48	1
48	1343	1
1343	48	1
48	1344	1
1344	48	1
48	1096	1
1096	48	1
48	331	1
331	48	1
48	416	1
416	48	1
48	99	1
99	48	1
48	377	1
377	48	1
49	231	1
231	49	1
51	268	1
268	51	1
51	1064	1
1064	51	1
51	71	1
71	51	1
51	11	1
11	51	1
54	99	1
99	54	1
59	113	1
113	59	1
60	1258	1
1258	60	1
60	673	1
673	60	1
61	168	1
168	61	1
61	1064	1
1064	61	1
61	1935	1
1935	61	1
61	1950	1
1950	61	1
61	99	1
99	61	1
65	826	1
826	65	1
65	1673	1
1673	65	1
65	1270	1
1270	65	1
65	1586	1
1586	65	1
65	63	1
63	65	1
65	68	1
68	65	1
65	1009	1
1009	65	1
65	71	1
71	65	1
65	184	1
184	65	1
69	168	1
168	69	1
69	1408	1
1408	69	1
71	286	1
286	71	1
72	96	1
96	72	1
11	1064	1
1064	11	1
11	68	1
68	11	1
11	2438	1
2438	11	1
73	74	1
74	73	1
75	76	1
76	75	1
76	136	1
136	76	1
77	78	1
78	77	1
77	79	1
79	77	1
77	80	1
80	77	1
77	81	1
81	77	1
77	82	1
82	77	1
78	411	1
411	78	1
78	349	1
349	78	1
78	444	1
444	78	1
78	842	1
842	78	1
78	988	1
988	78	1
78	1529	1
1529	78	1
78	1059	1
1059	78	1
78	1530	1
1530	78	1
78	1337	1
1337	78	1
78	1531	1
1531	78	1
78	1532	1
1532	78	1
79	442	1
442	79	1
79	988	1
988	79	1
80	442	1
442	80	1
80	988	1
988	80	1
81	988	1
988	81	1
81	1378	1
1378	81	1
82	442	1
442	82	1
82	988	1
988	82	1
83	84	1
84	83	1
84	336	1
336	84	1
84	1969	1
1969	84	1
84	1454	1
1454	84	1
84	927	1
927	84	1
85	86	1
86	85	1
85	87	1
87	85	1
85	88	1
88	85	1
86	408	1
408	86	1
86	441	1
441	86	1
86	497	1
497	86	1
86	511	1
511	86	1
86	313	1
313	86	1
86	631	1
631	86	1
86	179	1
179	86	1
86	464	1
464	86	1
86	632	1
632	86	1
86	398	1
398	86	1
86	159	1
159	86	1
86	633	1
633	86	1
86	1390	1
1390	86	1
86	1397	1
1397	86	1
86	270	1
270	86	1
86	1406	1
1406	86	1
86	242	1
242	86	1
86	211	1
211	86	1
86	354	1
354	86	1
86	1676	1
1676	86	1
86	1241	1
1241	86	1
86	542	1
542	86	1
86	889	1
889	86	1
86	52	1
52	86	1
86	526	1
526	86	1
86	1877	1
1877	86	1
86	401	1
401	86	1
86	1139	1
1139	86	1
86	517	1
517	86	1
86	402	1
402	86	1
86	368	1
368	86	1
86	1988	1
1988	86	1
86	1191	1
1191	86	1
86	1944	1
1944	86	1
86	86	1
86	86	1
86	369	1
369	86	1
86	2078	1
2078	86	1
86	2111	1
2111	86	1
86	1235	1
1235	86	1
86	180	1
180	86	1
86	286	1
286	86	1
86	2112	1
2112	86	1
86	105	1
105	86	1
86	846	1
846	86	1
86	482	1
482	86	1
86	483	1
483	86	1
86	754	1
754	86	1
86	2113	1
2113	86	1
86	2114	1
2114	86	1
86	1096	1
1096	86	1
86	2115	1
2115	86	1
86	2116	1
2116	86	1
86	639	1
639	86	1
86	2117	1
2117	86	1
86	2118	1
2118	86	1
86	2119	1
2119	86	1
87	248	1
248	87	1
87	505	1
505	87	1
87	575	1
575	87	1
87	745	1
745	87	1
87	944	1
944	87	1
87	1061	1
1061	87	1
87	465	1
465	87	1
87	1157	1
1157	87	1
87	1173	1
1173	87	1
87	1181	1
1181	87	1
87	842	1
842	87	1
87	1388	1
1388	87	1
87	1397	1
1397	87	1
87	1426	1
1426	87	1
87	242	1
242	87	1
87	1240	1
1240	87	1
87	1523	1
1523	87	1
87	1547	1
1547	87	1
87	1643	1
1643	87	1
87	542	1
542	87	1
87	1723	1
1723	87	1
87	1752	1
1752	87	1
87	252	1
252	87	1
87	1893	1
1893	87	1
87	1913	1
1913	87	1
87	1998	1
1998	87	1
87	1355	1
1355	87	1
87	2032	1
2032	87	1
87	2040	1
2040	87	1
87	1569	1
1569	87	1
87	2178	1
2178	87	1
87	2181	1
2181	87	1
87	1198	1
1198	87	1
87	2182	1
2182	87	1
87	2183	1
2183	87	1
87	2184	1
2184	87	1
87	2185	1
2185	87	1
87	1356	1
1356	87	1
87	749	1
749	87	1
87	1383	1
1383	87	1
87	534	1
534	87	1
87	93	1
93	87	1
87	2186	1
2186	87	1
87	1103	1
1103	87	1
87	257	1
257	87	1
87	729	1
729	87	1
87	2187	1
2187	87	1
87	730	1
730	87	1
87	2188	1
2188	87	1
87	205	1
205	87	1
87	2189	1
2189	87	1
87	1357	1
1357	87	1
88	1448	1
1448	88	1
88	1721	1
1721	88	1
88	2245	1
2245	88	1
88	2505	1
2505	88	1
88	1213	1
1213	88	1
88	1110	1
1110	88	1
89	90	1
90	89	1
89	91	1
91	89	1
91	858	1
858	91	1
91	1935	1
1935	91	1
91	1640	1
1640	91	1
91	1980	1
1980	91	1
92	93	1
93	92	1
93	187	1
187	93	1
93	1820	1
1820	93	1
93	1794	1
1794	93	1
93	1934	1
1934	93	1
93	2198	1
2198	93	1
93	2302	1
2302	93	1
93	638	1
638	93	1
94	94	1
94	94	1
94	95	1
95	94	1
95	1293	1
1293	95	1
96	97	1
97	96	1
96	98	1
98	96	1
96	99	1
99	96	1
96	100	1
100	96	1
99	853	1
853	99	1
99	1048	1
1048	99	1
99	467	1
467	99	1
99	242	1
242	99	1
99	211	1
211	99	1
99	1798	1
1798	99	1
99	1935	1
1935	99	1
99	2062	1
2062	99	1
99	1404	1
1404	99	1
99	2105	1
2105	99	1
99	2417	1
2417	99	1
99	727	1
727	99	1
99	483	1
483	99	1
99	520	1
520	99	1
99	529	1
529	99	1
100	753	1
753	100	1
100	1014	1
1014	100	1
100	2517	1
2517	100	1
101	102	1
102	101	1
101	103	1
103	101	1
102	395	1
395	102	1
102	159	1
159	102	1
102	1194	1
1194	102	1
102	617	1
617	102	1
102	180	1
180	102	1
102	729	1
729	102	1
104	105	1
105	104	1
105	313	1
313	105	1
105	139	1
139	105	1
105	179	1
179	105	1
105	238	1
238	105	1
105	266	1
266	105	1
105	1660	1
1660	105	1
105	367	1
367	105	1
105	889	1
889	105	1
105	252	1
252	105	1
105	1794	1
1794	105	1
105	1506	1
1506	105	1
105	1355	1
1355	105	1
105	518	1
518	105	1
105	1051	1
1051	105	1
105	1473	1
1473	105	1
105	180	1
180	105	1
105	105	1
105	105	1
105	513	1
513	105	1
105	2445	1
2445	105	1
105	483	1
483	105	1
105	130	1
130	105	1
105	982	1
982	105	1
105	521	1
521	105	1
105	331	1
331	105	1
105	499	1
499	105	1
105	522	1
522	105	1
106	107	1
107	106	1
107	1537	1
1537	107	1
108	109	1
109	108	1
109	997	1
997	109	1
110	111	1
111	110	1
112	113	1
113	112	1
112	114	1
114	112	1
112	115	1
115	112	1
113	347	1
347	113	1
113	1340	1
1340	113	1
113	402	1
402	113	1
113	1931	1
1931	113	1
116	117	1
117	116	1
116	119	1
119	116	1
116	120	1
120	116	1
116	121	1
121	116	1
116	122	1
122	116	1
116	124	1
124	116	1
116	125	1
125	116	1
116	126	1
126	116	1
116	127	1
127	116	1
116	128	1
128	116	1
116	129	1
129	116	1
116	130	1
130	116	1
117	181	1
181	117	1
117	182	1
182	117	1
117	183	1
183	117	1
124	252	1
252	124	1
125	159	1
159	125	1
125	242	1
242	125	1
125	252	1
252	125	1
125	1871	1
1871	125	1
125	125	1
125	125	1
125	2015	1
2015	125	1
126	152	1
152	126	1
126	252	1
252	126	1
126	126	1
126	126	1
126	2140	1
2140	126	1
126	2141	1
2141	126	1
126	1511	1
1511	126	1
128	1072	1
1072	128	1
128	873	1
873	128	1
128	301	1
301	128	1
129	174	1
174	129	1
129	179	1
179	129	1
129	643	1
643	129	1
129	1038	1
1038	129	1
129	1115	1
1115	129	1
129	1309	1
1309	129	1
129	1040	1
1040	129	1
129	1582	1
1582	129	1
129	1042	1
1042	129	1
129	1629	1
1629	129	1
129	1790	1
1790	129	1
129	223	1
223	129	1
129	1527	1
1527	129	1
129	252	1
252	129	1
129	680	1
680	129	1
129	732	1
732	129	1
129	778	1
778	129	1
129	172	1
172	129	1
129	1085	1
1085	129	1
129	975	1
975	129	1
129	350	1
350	129	1
129	2267	1
2267	129	1
129	752	1
752	129	1
129	2304	1
2304	129	1
129	2003	1
2003	129	1
129	697	1
697	129	1
129	2433	1
2433	129	1
129	1565	1
1565	129	1
129	2434	1
2434	129	1
129	978	1
978	129	1
129	2435	1
2435	129	1
129	2436	1
2436	129	1
129	387	1
387	129	1
130	1990	1
1990	130	1
130	863	1
863	130	1
130	180	1
180	130	1
130	2413	1
2413	130	1
130	816	1
816	130	1
43	132	1
132	43	1
133	134	1
134	133	1
134	504	1
504	134	1
135	136	1
136	135	1
136	781	1
781	136	1
136	792	1
792	136	1
136	793	1
793	136	1
136	794	1
794	136	1
136	795	1
795	136	1
136	340	1
340	136	1
136	796	1
796	136	1
136	474	1
474	136	1
136	797	1
797	136	1
136	799	1
799	136	1
136	148	1
148	136	1
138	139	1
139	138	1
139	236	1
236	139	1
139	459	1
459	139	1
139	557	1
557	139	1
139	412	1
412	139	1
139	558	1
558	139	1
139	559	1
559	139	1
139	560	1
560	139	1
139	561	1
561	139	1
139	562	1
562	139	1
139	172	1
172	139	1
139	435	1
435	139	1
139	563	1
563	139	1
139	564	1
564	139	1
139	565	1
565	139	1
140	141	1
141	140	1
142	143	1
143	142	1
143	304	1
304	143	1
143	502	1
502	143	1
143	514	1
514	143	1
143	653	1
653	143	1
143	1117	1
1117	143	1
143	1325	1
1325	143	1
143	270	1
270	143	1
143	1432	1
1432	143	1
143	1468	1
1468	143	1
143	1553	1
1553	143	1
143	1633	1
1633	143	1
143	367	1
367	143	1
143	1680	1
1680	143	1
143	1712	1
1712	143	1
143	1342	1
1342	143	1
143	1805	1
1805	143	1
143	1878	1
1878	143	1
143	1912	1
1912	143	1
143	1913	1
1913	143	1
143	166	1
166	143	1
143	690	1
690	143	1
143	402	1
402	143	1
143	368	1
368	143	1
143	2067	1
2067	143	1
143	1194	1
1194	143	1
143	2123	1
2123	143	1
143	2148	1
2148	143	1
143	2190	1
2190	143	1
143	2199	1
2199	143	1
143	350	1
350	143	1
143	2269	1
2269	143	1
143	2277	1
2277	143	1
143	219	1
219	143	1
143	2340	1
2340	143	1
143	2356	1
2356	143	1
143	2357	1
2357	143	1
143	2358	1
2358	143	1
143	1293	1
1293	143	1
143	2359	1
2359	143	1
143	847	1
847	143	1
143	522	1
522	143	1
144	145	1
145	144	1
144	146	1
146	144	1
149	150	1
150	149	1
150	1935	1
1935	150	1
151	151	1
151	151	1
151	152	1
152	151	1
151	153	1
153	151	1
152	443	1
443	152	1
152	742	1
742	152	1
152	801	1
801	152	1
152	1311	1
1311	152	1
152	1370	1
1370	152	1
152	1659	1
1659	152	1
152	1068	1
1068	152	1
152	372	1
372	152	1
152	1097	1
1097	152	1
152	415	1
415	152	1
153	2404	1
2404	153	1
153	2525	1
2525	153	1
154	154	1
154	154	1
154	155	1
155	154	1
154	156	1
156	154	1
155	1595	1
1595	155	1
155	1522	1
1522	155	1
155	2134	1
2134	155	1
156	1270	1
1270	156	1
156	2078	1
2078	156	1
156	219	1
219	156	1
156	255	1
255	156	1
157	157	1
157	157	1
158	160	1
160	158	1
160	747	1
747	160	1
160	2369	1
2369	160	1
161	162	1
162	161	1
162	1024	1
1024	162	1
162	1138	1
1138	162	1
162	1271	1
1271	162	1
162	366	1
366	162	1
162	1075	1
1075	162	1
162	528	1
528	162	1
162	180	1
180	162	1
162	1095	1
1095	162	1
163	164	1
164	163	1
164	330	1
330	164	1
164	331	1
331	164	1
165	166	1
166	165	1
166	206	1
206	166	1
166	411	1
411	166	1
166	418	1
418	166	1
166	1633	1
1633	166	1
166	678	1
678	166	1
166	192	1
192	166	1
166	166	1
166	166	1
166	494	1
494	166	1
166	453	1
453	166	1
166	1956	1
1956	166	1
166	1957	1
1957	166	1
166	219	1
219	166	1
166	860	1
860	166	1
166	741	1
741	166	1
167	168	1
168	167	1
168	467	1
467	168	1
168	1407	1
1407	168	1
168	192	1
192	168	1
168	1412	1
1412	168	1
169	170	1
170	169	1
170	322	1
322	170	1
171	172	1
172	171	1
172	649	1
649	172	1
172	876	1
876	172	1
172	1113	1
1113	172	1
172	1226	1
1226	172	1
172	1259	1
1259	172	1
172	675	1
675	172	1
172	1439	1
1439	172	1
172	1563	1
1563	172	1
172	1587	1
1587	172	1
172	1684	1
1684	172	1
172	1700	1
1700	172	1
172	1871	1
1871	172	1
172	172	1
172	172	1
172	1861	1
1861	172	1
172	1916	1
1916	172	1
172	1918	1
1918	172	1
172	1919	1
1919	172	1
172	1920	1
1920	172	1
172	1921	1
1921	172	1
172	1511	1
1511	172	1
172	1922	1
1922	172	1
172	1923	1
1923	172	1
172	1924	1
1924	172	1
172	1926	1
1926	172	1
172	1927	1
1927	172	1
172	1928	1
1928	172	1
174	175	1
175	174	1
175	848	1
848	175	1
175	802	1
802	175	1
175	1301	1
1301	175	1
175	1422	1
1422	175	1
175	1599	1
1599	175	1
175	752	1
752	175	1
175	1600	1
1600	175	1
175	1601	1
1601	175	1
175	274	1
274	175	1
175	1602	1
1602	175	1
175	1603	1
1603	175	1
176	177	1
177	176	1
178	179	1
179	178	1
179	423	1
423	179	1
179	313	1
313	179	1
179	535	1
535	179	1
179	724	1
724	179	1
179	801	1
801	179	1
179	802	1
802	179	1
179	266	1
266	179	1
179	317	1
317	179	1
179	803	1
803	179	1
179	804	1
804	179	1
179	805	1
805	179	1
179	806	1
806	179	1
179	807	1
807	179	1
179	808	1
808	179	1
179	345	1
345	179	1
179	286	1
286	179	1
179	809	1
809	179	1
179	810	1
810	179	1
179	811	1
811	179	1
179	813	1
813	179	1
179	814	1
814	179	1
179	815	1
815	179	1
179	816	1
816	179	1
179	817	1
817	179	1
179	819	1
819	179	1
181	206	1
206	181	1
181	891	1
891	181	1
182	762	1
762	182	1
182	2059	1
2059	182	1
182	498	1
498	182	1
183	398	1
398	183	1
183	468	1
468	183	1
183	413	1
413	183	1
183	399	1
399	183	1
183	517	1
517	183	1
183	1615	1
1615	183	1
183	321	1
321	183	1
185	186	1
186	185	1
186	342	1
342	186	1
186	370	1
370	186	1
187	189	1
189	187	1
190	191	1
191	190	1
190	192	1
192	190	1
190	193	1
193	190	1
190	194	1
194	190	1
190	195	1
195	190	1
191	313	1
313	191	1
191	625	1
625	191	1
191	238	1
238	191	1
191	627	1
627	191	1
192	418	1
418	192	1
192	882	1
882	192	1
192	900	1
900	192	1
192	930	1
930	192	1
192	465	1
465	192	1
192	1338	1
1338	192	1
192	242	1
242	192	1
192	1609	1
1609	192	1
192	1736	1
1736	192	1
192	1131	1
1131	192	1
192	425	1
425	192	1
192	1839	1
1839	192	1
192	494	1
494	192	1
192	1841	1
1841	192	1
192	1842	1
1842	192	1
192	303	1
303	192	1
192	1535	1
1535	192	1
192	1473	1
1473	192	1
192	219	1
219	192	1
192	860	1
860	192	1
192	1501	1
1501	192	1
192	1344	1
1344	192	1
192	68	1
68	192	1
192	255	1
255	192	1
192	810	1
810	192	1
192	1843	1
1843	192	1
192	1844	1
1844	192	1
192	1845	1
1845	192	1
192	1846	1
1846	192	1
192	377	1
377	192	1
193	207	1
207	193	1
194	617	1
617	194	1
196	197	1
197	196	1
197	578	1
578	197	1
197	662	1
662	197	1
197	871	1
871	197	1
197	947	1
947	197	1
197	1864	1
1864	197	1
197	1861	1
1861	197	1
197	1295	1
1295	197	1
197	1722	1
1722	197	1
197	1862	1
1862	197	1
197	481	1
481	197	1
198	199	1
199	198	1
198	200	1
200	198	1
199	307	1
307	199	1
199	915	1
915	199	1
199	998	1
998	199	1
199	999	1
999	199	1
199	1000	1
1000	199	1
199	1001	1
1001	199	1
201	202	1
202	201	1
203	204	1
204	203	1
203	205	1
205	203	1
204	313	1
313	204	1
204	398	1
398	204	1
204	367	1
367	204	1
204	1618	1
1618	204	1
204	1270	1
1270	204	1
204	1886	1
1886	204	1
204	402	1
402	204	1
204	837	1
837	204	1
204	1033	1
1033	204	1
204	369	1
369	204	1
204	2160	1
2160	204	1
204	180	1
180	204	1
204	2398	1
2398	204	1
204	754	1
754	204	1
204	260	1
260	204	1
204	902	1
902	204	1
205	314	1
314	205	1
205	411	1
411	205	1
205	700	1
700	205	1
205	632	1
632	205	1
205	1180	1
1180	205	1
205	1513	1
1513	205	1
205	1517	1
1517	205	1
205	1539	1
1539	205	1
205	1544	1
1544	205	1
205	635	1
635	205	1
205	1728	1
1728	205	1
205	1816	1
1816	205	1
205	306	1
306	205	1
205	2261	1
2261	205	1
205	1221	1
1221	205	1
205	1291	1
1291	205	1
205	1887	1
1887	205	1
205	2060	1
2060	205	1
205	2142	1
2142	205	1
205	2504	1
2504	205	1
205	205	1
205	205	1
208	209	1
209	208	1
208	210	1
210	208	1
208	211	1
211	208	1
208	212	1
212	208	1
208	213	1
213	208	1
209	643	1
643	209	1
209	644	1
644	209	1
209	645	1
645	209	1
209	646	1
646	209	1
209	647	1
647	209	1
209	648	1
648	209	1
210	1121	1
1121	210	1
210	57	1
57	210	1
210	1400	1
1400	210	1
210	924	1
924	210	1
210	286	1
286	210	1
211	159	1
159	211	1
211	1386	1
1386	211	1
211	1505	1
1505	211	1
211	1139	1
1139	211	1
211	806	1
806	211	1
211	262	1
262	211	1
212	1605	1
1605	212	1
214	215	1
215	214	1
215	958	1
958	215	1
215	1608	1
1608	215	1
215	1754	1
1754	215	1
215	1755	1
1755	215	1
215	373	1
373	215	1
215	1020	1
1020	215	1
216	217	1
217	216	1
217	360	1
360	217	1
217	361	1
361	217	1
217	586	1
586	217	1
217	269	1
269	217	1
217	383	1
383	217	1
217	1414	1
1414	217	1
217	1283	1
1283	217	1
217	1258	1
1258	217	1
217	2155	1
2155	217	1
217	2271	1
2271	217	1
217	2423	1
2423	217	1
218	219	1
219	218	1
219	364	1
364	219	1
219	488	1
488	219	1
219	511	1
511	219	1
219	525	1
525	219	1
219	650	1
650	219	1
219	744	1
744	219	1
219	880	1
880	219	1
219	537	1
537	219	1
219	1006	1
1006	219	1
219	922	1
922	219	1
219	1104	1
1104	219	1
219	266	1
266	219	1
219	1300	1
1300	219	1
219	1311	1
1311	219	1
219	1328	1
1328	219	1
219	1406	1
1406	219	1
219	1437	1
1437	219	1
219	561	1
561	219	1
219	645	1
645	219	1
219	1589	1
1589	219	1
219	1499	1
1499	219	1
219	1234	1
1234	219	1
219	1692	1
1692	219	1
219	889	1
889	219	1
219	702	1
702	219	1
219	1777	1
1777	219	1
219	1794	1
1794	219	1
219	1892	1
1892	219	1
219	401	1
401	219	1
219	1932	1
1932	219	1
219	610	1
610	219	1
219	764	1
764	219	1
219	806	1
806	219	1
219	597	1
597	219	1
219	1443	1
1443	219	1
219	471	1
471	219	1
219	1500	1
1500	219	1
219	2050	1
2050	219	1
219	2058	1
2058	219	1
219	1897	1
1897	219	1
219	1194	1
1194	219	1
219	617	1
617	219	1
219	2313	1
2313	219	1
219	219	1
219	219	1
219	924	1
924	219	1
219	1235	1
1235	219	1
219	2319	1
2319	219	1
219	286	1
286	219	1
219	2320	1
2320	219	1
219	2321	1
2321	219	1
219	2322	1
2322	219	1
219	1476	1
1476	219	1
219	2323	1
2323	219	1
219	2324	1
2324	219	1
219	2325	1
2325	219	1
219	415	1
415	219	1
219	1095	1
1095	219	1
219	2326	1
2326	219	1
219	818	1
818	219	1
219	2327	1
2327	219	1
220	221	1
221	220	1
221	552	1
552	221	1
221	387	1
387	221	1
222	223	1
223	222	1
223	1474	1
1474	223	1
223	1204	1
1204	223	1
224	225	1
225	224	1
226	227	1
227	226	1
227	1872	1
1872	227	1
227	1446	1
1446	227	1
227	410	1
410	227	1
228	118	1
118	228	1
228	229	1
229	228	1
228	230	1
230	228	1
118	248	1
248	118	1
118	249	1
249	118	1
118	250	1
250	118	1
118	251	1
251	118	1
118	252	1
252	118	1
118	253	1
253	118	1
118	254	1
254	118	1
118	255	1
255	118	1
118	257	1
257	118	1
118	258	1
258	118	1
118	260	1
260	118	1
229	612	1
612	229	1
229	613	1
613	229	1
229	614	1
614	229	1
230	761	1
761	230	1
52	1699	1
1699	52	1
52	1367	1
1367	52	1
52	584	1
584	52	1
52	231	1
231	52	1
231	375	1
375	231	1
231	431	1
431	231	1
231	543	1
543	231	1
231	630	1
630	231	1
231	870	1
870	231	1
231	898	1
898	231	1
231	984	1
984	231	1
231	802	1
802	231	1
231	1141	1
1141	231	1
231	238	1
238	231	1
231	1278	1
1278	231	1
231	1331	1
1331	231	1
231	1365	1
1365	231	1
231	1369	1
1369	231	1
231	1451	1
1451	231	1
231	413	1
413	231	1
231	1652	1
1652	231	1
231	1667	1
1667	231	1
231	1711	1
1711	231	1
231	1750	1
1750	231	1
231	1798	1
1798	231	1
231	1803	1
1803	231	1
231	1817	1
1817	231	1
231	401	1
401	231	1
231	57	1
57	231	1
231	1953	1
1953	231	1
231	1190	1
1190	231	1
231	1485	1
1485	231	1
231	2064	1
2064	231	1
231	989	1
989	231	1
231	617	1
617	231	1
231	1051	1
1051	231	1
231	1404	1
1404	231	1
231	2305	1
2305	231	1
231	1445	1
1445	231	1
231	2333	1
2333	231	1
231	2349	1
2349	231	1
231	2351	1
2351	231	1
231	2372	1
2372	231	1
231	180	1
180	231	1
231	286	1
286	231	1
231	809	1
809	231	1
231	2418	1
2418	231	1
231	2462	1
2462	231	1
231	2470	1
2470	231	1
231	811	1
811	231	1
231	812	1
812	231	1
231	2503	1
2503	231	1
231	2518	1
2518	231	1
231	415	1
415	231	1
231	231	1
231	231	1
231	2527	1
2527	231	1
232	233	1
233	232	1
233	395	1
395	233	1
234	235	1
235	234	1
235	842	1
842	235	1
235	1514	1
1514	235	1
235	1620	1
1620	235	1
237	238	1
238	237	1
238	718	1
718	238	1
238	861	1
861	238	1
238	582	1
582	238	1
238	1232	1
1232	238	1
238	1233	1
1233	238	1
238	1234	1
1234	238	1
238	402	1
402	238	1
238	1235	1
1235	238	1
238	638	1
638	238	1
238	953	1
953	238	1
238	816	1
816	238	1
238	1237	1
1237	238	1
239	240	1
240	239	1
241	159	1
159	241	1
241	242	1
242	241	1
159	320	1
320	159	1
159	335	1
335	159	1
159	380	1
380	159	1
159	535	1
535	159	1
159	595	1
595	159	1
159	623	1
623	159	1
159	624	1
624	159	1
159	632	1
632	159	1
159	950	1
950	159	1
159	955	1
955	159	1
159	972	1
972	159	1
159	1030	1
1030	159	1
159	1180	1
1180	159	1
159	633	1
633	159	1
159	1182	1
1182	159	1
159	1183	1
1183	159	1
159	561	1
561	159	1
159	1184	1
1184	159	1
159	1185	1
1185	159	1
159	1186	1
1186	159	1
159	1187	1
1187	159	1
159	1188	1
1188	159	1
159	1189	1
1189	159	1
159	1190	1
1190	159	1
159	1191	1
1191	159	1
159	1192	1
1192	159	1
159	747	1
747	159	1
159	1193	1
1193	159	1
159	1194	1
1194	159	1
159	1195	1
1195	159	1
159	961	1
961	159	1
159	1197	1
1197	159	1
159	670	1
670	159	1
159	1198	1
1198	159	1
159	414	1
414	159	1
159	1199	1
1199	159	1
159	1200	1
1200	159	1
159	638	1
638	159	1
159	286	1
286	159	1
159	1201	1
1201	159	1
159	1202	1
1202	159	1
159	749	1
749	159	1
159	810	1
810	159	1
159	1103	1
1103	159	1
159	1203	1
1203	159	1
159	1204	1
1204	159	1
159	639	1
639	159	1
159	346	1
346	159	1
159	522	1
522	159	1
242	320	1
320	242	1
242	335	1
335	242	1
242	549	1
549	242	1
242	631	1
631	242	1
242	879	1
879	242	1
242	632	1
632	242	1
242	802	1
802	242	1
242	266	1
266	242	1
242	633	1
633	242	1
242	1403	1
1403	242	1
242	1499	1
1499	242	1
242	1185	1
1185	242	1
242	689	1
689	242	1
242	1343	1
1343	242	1
242	1190	1
1190	242	1
242	1500	1
1500	242	1
242	472	1
472	242	1
242	747	1
747	242	1
242	670	1
670	242	1
242	1291	1
1291	242	1
242	1501	1
1501	242	1
242	1200	1
1200	242	1
242	286	1
286	242	1
242	68	1
68	242	1
242	810	1
810	242	1
242	812	1
812	242	1
242	1502	1
1502	242	1
242	331	1
331	242	1
242	346	1
346	242	1
242	522	1
522	242	1
244	245	1
245	244	1
246	247	1
247	246	1
247	1934	1
1934	247	1
247	247	1
247	247	1
248	248	1
248	248	1
248	398	1
398	248	1
248	399	1
399	248	1
248	400	1
400	248	1
248	402	1
402	248	1
248	403	1
403	248	1
248	404	1
404	248	1
248	287	1
287	248	1
248	405	1
405	248	1
250	1567	1
1567	250	1
250	1704	1
1704	250	1
250	1084	1
1084	250	1
252	497	1
497	252	1
252	1205	1
1205	252	1
252	1206	1
1206	252	1
252	1294	1
1294	252	1
252	1403	1
1403	252	1
252	1437	1
1437	252	1
252	1465	1
1465	252	1
252	1240	1
1240	252	1
252	1625	1
1625	252	1
252	828	1
828	252	1
252	1234	1
1234	252	1
252	1743	1
1743	252	1
252	1146	1
1146	252	1
252	1797	1
1797	252	1
252	889	1
889	252	1
252	691	1
691	252	1
252	1807	1
1807	252	1
252	1808	1
1808	252	1
252	1809	1
1809	252	1
252	1810	1
1810	252	1
252	414	1
414	252	1
252	924	1
924	252	1
252	1811	1
1811	252	1
252	286	1
286	252	1
252	894	1
894	252	1
252	890	1
890	252	1
252	592	1
592	252	1
252	1812	1
1812	252	1
252	1813	1
1813	252	1
252	813	1
813	252	1
252	1814	1
1814	252	1
252	1815	1
1815	252	1
254	2387	1
2387	254	1
254	254	1
254	254	1
255	1585	1
1585	255	1
255	1969	1
1969	255	1
257	1785	1
1785	257	1
257	1885	1
1885	257	1
257	1191	1
1191	257	1
257	1410	1
1410	257	1
257	2189	1
2189	257	1
260	802	1
802	260	1
260	1377	1
1377	260	1
260	1451	1
1451	260	1
260	1704	1
1704	260	1
260	2016	1
2016	260	1
260	2086	1
2086	260	1
260	1051	1
1051	260	1
260	498	1
498	260	1
260	2154	1
2154	260	1
260	2513	1
2513	260	1
260	346	1
346	260	1
261	262	1
262	261	1
262	1913	1
1913	262	1
262	963	1
963	262	1
262	1914	1
1914	262	1
263	264	1
264	263	1
265	266	1
266	265	1
266	398	1
398	266	1
266	389	1
389	266	1
266	266	1
266	266	1
266	1240	1
1240	266	1
266	1241	1
1241	266	1
266	806	1
806	266	1
266	527	1
527	266	1
266	1242	1
1242	266	1
266	483	1
483	266	1
266	813	1
813	266	1
267	268	1
268	267	1
267	269	1
269	267	1
267	270	1
270	267	1
268	676	1
676	268	1
268	677	1
677	268	1
268	678	1
678	268	1
268	679	1
679	268	1
268	680	1
680	268	1
268	681	1
681	268	1
268	682	1
682	268	1
269	770	1
770	269	1
271	272	1
272	271	1
271	274	1
274	271	1
274	351	1
351	274	1
274	1523	1
1523	274	1
274	1999	1
1999	274	1
274	306	1
306	274	1
274	2255	1
2255	274	1
274	963	1
963	274	1
274	1454	1
1454	274	1
274	274	1
274	274	1
274	2463	1
2463	274	1
275	276	1
276	275	1
275	277	1
277	275	1
275	278	1
278	275	1
275	279	1
279	275	1
275	280	1
280	275	1
278	1424	1
1424	278	1
281	282	1
282	281	1
281	283	1
283	281	1
282	339	1
339	282	1
282	340	1
340	282	1
282	341	1
341	282	1
283	2160	1
2160	283	1
283	1003	1
1003	283	1
284	285	1
285	284	1
284	286	1
286	284	1
284	287	1
287	284	1
286	1308	1
1308	286	1
286	728	1
728	286	1
287	411	1
411	287	1
287	706	1
706	287	1
287	1057	1
1057	287	1
287	1112	1
1112	287	1
287	389	1
389	287	1
287	1240	1
1240	287	1
287	1721	1
1721	287	1
287	526	1
526	287	1
287	1100	1
1100	287	1
287	2282	1
2282	287	1
287	752	1
752	287	1
287	2332	1
2332	287	1
287	2347	1
2347	287	1
287	513	1
513	287	1
287	846	1
846	287	1
287	287	1
287	287	1
287	501	1
501	287	1
288	289	1
289	288	1
289	857	1
857	289	1
289	892	1
892	289	1
289	1733	1
1733	289	1
289	289	1
289	289	1
290	291	1
291	290	1
290	292	1
292	290	1
290	293	1
293	290	1
290	294	1
294	290	1
293	2502	1
2502	293	1
293	1218	1
1218	293	1
294	617	1
617	294	1
296	297	1
297	296	1
296	299	1
299	296	1
297	418	1
418	297	1
297	1951	1
1951	297	1
297	2055	1
2055	297	1
297	1036	1
1036	297	1
300	301	1
301	300	1
301	551	1
551	301	1
301	1132	1
1132	301	1
301	2064	1
2064	301	1
301	2409	1
2409	301	1
301	2469	1
2469	301	1
302	303	1
303	302	1
303	769	1
769	303	1
304	305	1
305	304	1
304	306	1
306	304	1
305	546	1
546	305	1
306	684	1
684	306	1
306	1336	1
1336	306	1
306	1145	1
1145	306	1
306	1659	1
1659	306	1
306	1551	1
1551	306	1
306	1234	1
1234	306	1
306	1740	1
1740	306	1
306	1989	1
1989	306	1
306	597	1
597	306	1
306	2002	1
2002	306	1
306	306	1
306	306	1
306	622	1
622	306	1
306	498	1
498	306	1
306	1383	1
1383	306	1
306	2142	1
2142	306	1
306	1097	1
1097	306	1
306	904	1
904	306	1
308	309	1
309	308	1
309	351	1
351	309	1
309	665	1
665	309	1
310	311	1
311	310	1
311	347	1
347	311	1
311	469	1
469	311	1
311	2130	1
2130	311	1
311	369	1
369	311	1
311	2149	1
2149	311	1
311	2498	1
2498	311	1
311	529	1
529	311	1
311	311	1
311	311	1
311	816	1
816	311	1
311	184	1
184	311	1
311	2509	1
2509	311	1
312	313	1
313	312	1
313	515	1
515	313	1
313	367	1
367	313	1
313	516	1
516	313	1
313	517	1
517	313	1
313	518	1
518	313	1
313	519	1
519	313	1
313	483	1
483	313	1
313	520	1
520	313	1
313	521	1
521	313	1
313	522	1
522	313	1
315	316	1
316	315	1
315	317	1
317	315	1
315	318	1
318	315	1
315	319	1
319	315	1
316	316	1
316	316	1
316	317	1
317	316	1
316	318	1
318	316	1
316	1274	1
1274	316	1
317	625	1
625	317	1
317	317	1
317	317	1
317	739	1
739	317	1
317	1170	1
1170	317	1
317	1274	1
1274	317	1
318	855	1
855	318	1
318	1274	1
1274	318	1
323	324	1
324	323	1
327	328	1
328	327	1
330	999	1
999	330	1
330	1131	1
1131	330	1
330	1097	1
1097	330	1
330	331	1
331	330	1
331	585	1
585	331	1
331	398	1
398	331	1
331	1155	1
1155	331	1
331	1323	1
1323	331	1
331	1411	1
1411	331	1
331	1468	1
1468	331	1
331	1519	1
1519	331	1
331	367	1
367	331	1
331	1241	1
1241	331	1
331	1714	1
1714	331	1
331	1823	1
1823	331	1
331	1877	1
1877	331	1
331	1908	1
1908	331	1
331	396	1
396	331	1
331	1355	1
1355	331	1
331	692	1
692	331	1
331	883	1
883	331	1
331	1940	1
1940	331	1
331	1356	1
1356	331	1
331	846	1
846	331	1
331	978	1
978	331	1
331	520	1
520	331	1
331	1096	1
1096	331	1
331	521	1
521	331	1
331	1436	1
1436	331	1
331	501	1
501	331	1
332	333	1
333	332	1
332	334	1
334	332	1
333	994	1
994	333	1
334	1599	1
1599	334	1
334	1276	1
1276	334	1
334	2093	1
2093	334	1
334	936	1
936	334	1
334	2326	1
2326	334	1
335	336	1
336	335	1
335	180	1
180	335	1
180	348	1
348	180	1
180	493	1
493	180	1
180	511	1
511	180	1
180	544	1
544	180	1
180	461	1
461	180	1
180	900	1
900	180	1
180	974	1
974	180	1
180	995	1
995	180	1
180	1373	1
1373	180	1
180	1376	1
1376	180	1
180	1388	1
1388	180	1
180	1232	1
1232	180	1
180	131	1
131	180	1
180	999	1
999	180	1
180	1652	1
1652	180	1
180	828	1
828	180	1
180	1697	1
1697	180	1
180	1699	1
1699	180	1
180	923	1
923	180	1
180	1743	1
1743	180	1
180	1342	1
1342	180	1
180	702	1
702	180	1
180	1880	1
1880	180	1
180	1937	1
1937	180	1
180	1913	1
1913	180	1
180	494	1
494	180	1
180	2033	1
2033	180	1
180	472	1
472	180	1
180	747	1
747	180	1
180	2144	1
2144	180	1
180	2150	1
2150	180	1
180	1404	1
1404	180	1
180	2207	1
2207	180	1
180	2294	1
2294	180	1
180	924	1
924	180	1
180	591	1
591	180	1
180	2240	1
2240	180	1
180	513	1
513	180	1
180	1830	1
1830	180	1
180	810	1
810	180	1
180	593	1
593	180	1
180	812	1
812	180	1
180	1476	1
1476	180	1
180	1502	1
1502	180	1
180	2154	1
2154	180	1
180	1096	1
1096	180	1
180	521	1
521	180	1
180	2378	1
2378	180	1
180	1410	1
1410	180	1
180	1831	1
1831	180	1
180	416	1
416	180	1
180	606	1
606	180	1
180	2379	1
2379	180	1
337	338	1
338	337	1
338	1160	1
1160	338	1
338	1821	1
1821	338	1
338	1899	1
1899	338	1
339	712	1
712	339	1
342	344	1
344	342	1
342	345	1
345	342	1
342	346	1
346	342	1
344	418	1
418	344	1
344	579	1
579	344	1
345	837	1
837	345	1
345	2242	1
2242	345	1
345	2243	1
2243	345	1
345	1306	1
1306	345	1
346	1297	1
1297	346	1
346	1072	1
1072	346	1
346	1486	1
1486	346	1
346	542	1
542	346	1
346	1308	1
1308	346	1
346	1101	1
1101	346	1
346	513	1
513	346	1
346	2435	1
2435	346	1
346	1615	1
1615	346	1
350	985	1
985	350	1
350	657	1
657	350	1
350	1630	1
1630	350	1
350	1903	1
1903	350	1
350	57	1
57	350	1
350	1190	1
1190	350	1
350	2150	1
2150	350	1
350	356	1
356	350	1
350	350	1
350	350	1
350	2262	1
2262	350	1
350	2263	1
2263	350	1
350	1304	1
1304	350	1
350	546	1
546	350	1
350	358	1
358	350	1
350	404	1
404	350	1
350	2264	1
2264	350	1
350	2119	1
2119	350	1
350	1036	1
1036	350	1
351	759	1
759	351	1
352	822	1
822	352	1
358	759	1
759	358	1
364	365	1
365	364	1
364	366	1
366	364	1
364	367	1
367	364	1
364	368	1
368	364	1
364	369	1
369	364	1
364	370	1
370	364	1
364	371	1
371	364	1
364	372	1
372	364	1
364	373	1
373	364	1
364	374	1
374	364	1
365	425	1
425	365	1
365	426	1
426	365	1
365	427	1
427	365	1
366	418	1
418	366	1
366	734	1
734	366	1
366	753	1
753	366	1
366	1494	1
1494	366	1
366	1636	1
1636	366	1
367	801	1
801	367	1
367	999	1
999	367	1
367	1551	1
1551	367	1
367	367	1
367	367	1
367	1132	1
1132	367	1
367	747	1
747	367	1
367	749	1
749	367	1
368	418	1
418	368	1
369	418	1
418	369	1
369	1598	1
1598	369	1
370	1698	1
1698	370	1
371	1683	1
1683	371	1
372	794	1
794	372	1
372	692	1
692	372	1
372	372	1
372	372	1
373	1715	1
1715	373	1
373	1132	1
1132	373	1
373	617	1
617	373	1
373	2290	1
2290	373	1
373	2101	1
2101	373	1
373	2466	1
2466	373	1
373	1273	1
1273	373	1
374	402	1
402	374	1
375	376	1
376	375	1
375	377	1
377	375	1
376	500	1
500	376	1
376	1317	1
1317	376	1
376	1468	1
1468	376	1
376	1731	1
1731	376	1
376	1725	1
1725	376	1
377	398	1
398	377	1
377	2197	1
2197	377	1
378	379	1
379	378	1
379	1421	1
1421	379	1
379	1559	1
1559	379	1
379	1560	1
1560	379	1
382	383	1
383	382	1
383	1345	1
1345	383	1
383	1346	1
1346	383	1
383	1134	1
1134	383	1
384	385	1
385	384	1
384	386	1
386	384	1
384	387	1
387	384	1
385	2011	1
2011	385	1
385	385	1
385	385	1
386	1184	1
1184	386	1
387	1224	1
1224	387	1
387	1437	1
1437	387	1
387	828	1
828	387	1
387	2338	1
2338	387	1
387	2147	1
2147	387	1
387	2474	1
2474	387	1
388	389	1
389	388	1
388	390	1
390	388	1
388	391	1
391	388	1
388	392	1
392	388	1
389	804	1
804	389	1
389	1131	1
1131	389	1
389	1132	1
1132	389	1
389	1133	1
1133	389	1
389	617	1
617	389	1
389	504	1
504	389	1
390	972	1
972	390	1
390	678	1
678	390	1
390	2064	1
2064	390	1
390	873	1
873	390	1
390	647	1
647	390	1
390	1237	1
1237	390	1
391	760	1
760	391	1
393	394	1
394	393	1
395	396	1
396	395	1
395	397	1
397	395	1
398	418	1
418	398	1
398	653	1
653	398	1
398	412	1
412	398	1
398	398	1
398	398	1
398	1049	1
1049	398	1
398	999	1
999	398	1
398	425	1
425	398	1
398	472	1
472	398	1
398	1050	1
1050	398	1
398	1052	1
1052	398	1
398	1053	1
1053	398	1
398	1054	1
1054	398	1
399	1506	1
1506	399	1
400	1733	1
1733	400	1
402	1618	1
1618	402	1
402	1799	1
1799	402	1
402	518	1
518	402	1
402	1968	1
1968	402	1
403	1430	1
1430	403	1
404	525	1
525	404	1
404	536	1
536	404	1
404	618	1
618	404	1
404	676	1
676	404	1
404	1234	1
1234	404	1
404	702	1
702	404	1
404	538	1
538	404	1
404	1656	1
1656	404	1
404	2095	1
2095	404	1
404	2308	1
2308	404	1
404	2337	1
2337	404	1
404	410	1
410	404	1
404	1019	1
1019	404	1
404	446	1
446	404	1
404	2099	1
2099	404	1
404	2483	1
2483	404	1
404	2484	1
2484	404	1
404	2485	1
2485	404	1
409	410	1
410	409	1
410	428	1
428	410	1
410	1106	1
1106	410	1
410	2073	1
2073	410	1
410	2414	1
2414	410	1
410	410	1
410	410	1
411	412	1
412	411	1
411	413	1
413	411	1
411	415	1
415	411	1
411	416	1
416	411	1
412	889	1
889	412	1
412	890	1
890	412	1
413	881	1
881	413	1
413	513	1
513	413	1
413	1533	1
1533	413	1
413	501	1
501	413	1
415	465	1
465	415	1
415	842	1
842	415	1
415	1549	1
1549	415	1
415	689	1
689	415	1
415	2520	1
2520	415	1
415	501	1
501	415	1
415	2188	1
2188	415	1
416	1241	1
1241	416	1
417	418	1
418	417	1
418	460	1
460	418	1
418	461	1
461	418	1
418	462	1
462	418	1
418	463	1
463	418	1
418	464	1
464	418	1
418	466	1
466	418	1
418	468	1
468	418	1
418	470	1
470	418	1
418	471	1
471	418	1
418	472	1
472	418	1
418	473	1
473	418	1
418	474	1
474	418	1
418	475	1
475	418	1
418	476	1
476	418	1
418	477	1
477	418	1
418	478	1
478	418	1
418	479	1
479	418	1
418	480	1
480	418	1
418	481	1
481	418	1
418	482	1
482	418	1
418	483	1
483	418	1
418	484	1
484	418	1
418	485	1
485	418	1
418	486	1
486	418	1
418	487	1
487	418	1
419	419	1
419	419	1
419	420	1
420	419	1
419	421	1
421	419	1
422	329	1
329	422	1
329	1210	1
1210	329	1
329	1211	1
1211	329	1
329	588	1
588	329	1
329	1212	1
1212	329	1
329	1213	1
1213	329	1
425	581	1
581	425	1
425	1224	1
1224	425	1
425	426	1
426	425	1
425	476	1
476	425	1
426	1132	1
1132	426	1
427	893	1
893	427	1
427	1624	1
1624	427	1
427	1221	1
1221	427	1
427	902	1
902	427	1
432	581	1
581	432	1
432	1168	1
1168	432	1
432	1169	1
1169	432	1
432	1171	1
1171	432	1
432	697	1
697	432	1
435	1489	1
1489	435	1
68	826	1
826	68	1
68	800	1
800	68	1
68	1186	1
1186	68	1
68	2016	1
2016	68	1
68	1009	1
1009	68	1
437	438	1
438	437	1
439	439	1
439	439	1
439	440	1
440	439	1
440	756	1
756	440	1
442	444	1
444	442	1
442	445	1
445	442	1
442	446	1
446	442	1
442	447	1
447	442	1
444	1058	1
1058	444	1
444	1319	1
1319	444	1
444	1320	1
1320	444	1
444	1074	1
1074	444	1
444	445	1
445	444	1
444	936	1
936	444	1
444	1321	1
1321	444	1
444	1322	1
1322	444	1
445	988	1
988	445	1
445	1059	1
1059	445	1
445	756	1
756	445	1
446	1159	1
1159	446	1
447	908	1
908	447	1
447	1751	1
1751	447	1
449	450	1
450	449	1
450	642	1
642	450	1
450	656	1
656	450	1
450	736	1
736	450	1
450	767	1
767	450	1
450	971	1
971	450	1
450	977	1
977	450	1
450	1125	1
1125	450	1
450	1173	1
1173	450	1
450	1225	1
1225	450	1
450	1256	1
1256	450	1
450	1417	1
1417	450	1
450	1691	1
1691	450	1
450	1907	1
1907	450	1
450	1978	1
1978	450	1
450	2013	1
2013	450	1
450	2284	1
2284	450	1
450	2345	1
2345	450	1
450	2312	1
2312	450	1
450	2450	1
2450	450	1
450	2451	1
2451	450	1
451	452	1
452	451	1
452	566	1
566	452	1
452	842	1
842	452	1
452	452	1
452	452	1
453	523	1
523	453	1
453	896	1
896	453	1
453	1353	1
1353	453	1
453	1748	1
1748	453	1
453	1685	1
1685	453	1
453	1975	1
1975	453	1
453	2124	1
2124	453	1
453	2125	1
2125	453	1
453	2126	1
2126	453	1
453	2127	1
2127	453	1
453	1204	1
1204	453	1
453	2128	1
2128	453	1
453	2129	1
2129	453	1
454	454	1
454	454	1
454	455	1
455	454	1
454	456	1
456	454	1
454	1118	1
1118	454	1
455	854	1
854	455	1
455	676	1
676	455	1
455	692	1
692	455	1
455	1235	1
1235	455	1
455	1579	1
1579	455	1
456	1656	1
1656	456	1
461	755	1
755	461	1
461	756	1
756	461	1
463	763	1
763	463	1
463	800	1
800	463	1
472	842	1
842	472	1
472	1270	1
1270	472	1
472	526	1
526	472	1
472	1123	1
1123	472	1
472	479	1
479	472	1
472	1938	1
1938	472	1
472	754	1
754	472	1
472	593	1
593	472	1
472	2037	1
2037	472	1
472	184	1
184	472	1
479	1781	1
1781	479	1
479	479	1
479	479	1
481	533	1
533	481	1
482	701	1
701	482	1
482	1324	1
1324	482	1
482	999	1
999	482	1
482	774	1
774	482	1
482	697	1
697	482	1
482	846	1
846	482	1
482	482	1
482	482	1
483	800	1
800	483	1
483	2471	1
2471	483	1
483	746	1
746	483	1
483	522	1
522	483	1
484	2027	1
2027	484	1
484	2168	1
2168	484	1
486	769	1
769	486	1
487	1222	1
1222	487	1
488	489	1
489	488	1
489	586	1
586	489	1
489	489	1
489	489	1
490	491	1
491	490	1
493	494	1
494	493	1
494	701	1
701	494	1
494	842	1
842	494	1
494	2028	1
2028	494	1
494	2029	1
2029	494	1
495	496	1
496	495	1
497	498	1
498	497	1
497	499	1
499	497	1
498	525	1
525	498	1
498	625	1
625	498	1
498	708	1
708	498	1
498	864	1
864	498	1
498	632	1
632	498	1
498	1238	1
1238	498	1
498	645	1
645	498	1
498	1145	1
1145	498	1
498	1234	1
1234	498	1
498	1308	1
1308	498	1
498	889	1
889	498	1
498	1270	1
1270	498	1
498	690	1
690	498	1
498	2045	1
2045	498	1
498	1315	1
1315	498	1
498	2150	1
2150	498	1
498	2317	1
2317	498	1
498	498	1
498	498	1
498	1454	1
1454	498	1
498	846	1
846	498	1
498	1177	1
1177	498	1
498	2378	1
2378	498	1
498	1410	1
1410	498	1
498	594	1
594	498	1
499	2445	1
2445	499	1
443	500	1
500	443	1
443	501	1
501	443	1
500	861	1
861	500	1
500	131	1
131	500	1
500	953	1
953	500	1
500	954	1
954	500	1
501	1292	1
1292	501	1
501	790	1
790	501	1
501	954	1
954	501	1
501	522	1
522	501	1
503	504	1
504	503	1
504	956	1
956	504	1
506	507	1
507	506	1
507	1088	1
1088	507	1
507	847	1
847	507	1
508	509	1
509	508	1
509	509	1
509	509	1
509	1207	1
1207	509	1
511	512	1
512	511	1
511	513	1
513	511	1
512	657	1
657	512	1
512	658	1
658	512	1
512	659	1
659	512	1
513	858	1
858	513	1
513	1732	1
1732	513	1
513	1342	1
1342	513	1
513	610	1
610	513	1
513	2063	1
2063	513	1
513	2178	1
2178	513	1
513	414	1
414	513	1
513	1069	1
1069	513	1
513	2373	1
2373	513	1
513	2391	1
2391	513	1
513	810	1
810	513	1
513	1843	1
1843	513	1
513	2447	1
2447	513	1
513	1502	1
1502	513	1
513	2448	1
2448	513	1
517	1114	1
1114	517	1
517	1915	1
1915	517	1
518	2172	1
2172	518	1
519	1008	1
1008	519	1
520	801	1
801	520	1
520	617	1
617	520	1
520	1356	1
1356	520	1
520	522	1
522	520	1
521	595	1
595	521	1
521	889	1
889	521	1
521	1270	1
1270	521	1
521	2269	1
2269	521	1
521	1235	1
1235	521	1
522	595	1
595	522	1
522	631	1
631	522	1
522	944	1
944	522	1
522	1426	1
1426	522	1
522	1468	1
1468	522	1
522	1723	1
1723	522	1
522	1873	1
1873	522	1
522	1355	1
1355	522	1
522	1404	1
1404	522	1
522	1356	1
1356	522	1
522	727	1
727	522	1
522	978	1
978	522	1
522	746	1
746	522	1
522	982	1
982	522	1
522	321	1
321	522	1
522	730	1
730	522	1
522	2188	1
2188	522	1
522	2189	1
2189	522	1
525	526	1
526	525	1
525	527	1
527	525	1
525	528	1
528	525	1
526	1311	1
1311	526	1
526	1368	1
1368	526	1
526	1709	1
1709	526	1
526	810	1
810	526	1
526	780	1
780	526	1
527	1044	1
1044	527	1
528	2158	1
2158	528	1
530	531	1
531	530	1
532	533	1
533	532	1
532	534	1
534	532	1
533	947	1
947	533	1
533	1396	1
1396	533	1
533	1429	1
1429	533	1
533	1862	1
1862	533	1
536	537	1
537	536	1
536	326	1
326	536	1
536	538	1
538	536	1
537	537	1
537	537	1
537	949	1
949	537	1
326	1458	1
1458	326	1
326	1459	1
1459	326	1
326	1460	1
1460	326	1
538	1442	1
1442	538	1
538	2046	1
2046	538	1
538	661	1
661	538	1
539	540	1
540	539	1
540	1038	1
1038	540	1
540	1763	1
1763	540	1
541	542	1
542	541	1
542	632	1
632	542	1
542	1187	1
1187	542	1
542	1719	1
1719	542	1
542	1197	1
1197	542	1
542	1198	1
1198	542	1
542	1720	1
1720	542	1
542	638	1
638	542	1
542	730	1
730	542	1
545	546	1
546	545	1
546	685	1
685	546	1
546	1007	1
1007	546	1
546	1152	1
1152	546	1
546	1288	1
1288	546	1
546	1418	1
1418	546	1
546	657	1
657	546	1
546	1233	1
1233	546	1
546	1759	1
1759	546	1
546	1770	1
1770	546	1
546	1797	1
1797	546	1
546	1985	1
1985	546	1
546	1500	1
1500	546	1
546	2270	1
2270	546	1
546	2346	1
2346	546	1
546	2452	1
2452	546	1
546	2453	1
2453	546	1
546	2454	1
2454	546	1
546	2455	1
2455	546	1
546	2364	1
2364	546	1
546	819	1
819	546	1
547	548	1
548	547	1
548	1175	1
1175	548	1
548	1176	1
1176	548	1
548	1087	1
1087	548	1
548	1177	1
1177	548	1
548	869	1
869	548	1
548	710	1
710	548	1
549	550	1
550	549	1
552	553	1
553	552	1
553	2355	1
2355	553	1
555	556	1
556	555	1
562	578	1
578	562	1
562	1381	1
1381	562	1
562	1396	1
1396	562	1
562	1861	1
1861	562	1
562	1722	1
1722	562	1
562	1862	1
1862	562	1
562	1863	1
1863	562	1
566	567	1
567	566	1
566	568	1
568	566	1
569	570	1
570	569	1
571	572	1
572	571	1
572	823	1
823	572	1
572	1281	1
1281	572	1
573	574	1
574	573	1
576	577	1
577	576	1
581	582	1
582	581	1
581	583	1
583	581	1
581	584	1
584	581	1
582	959	1
959	582	1
582	960	1
960	582	1
582	961	1
961	582	1
582	962	1
962	582	1
582	963	1
963	582	1
582	964	1
964	582	1
582	965	1
965	582	1
582	966	1
966	582	1
584	1173	1
1173	584	1
584	1352	1
1352	584	1
584	1641	1
1641	584	1
584	1643	1
1643	584	1
584	2368	1
2368	584	1
584	2395	1
2395	584	1
584	1994	1
1994	584	1
586	588	1
588	586	1
588	1673	1
1673	588	1
589	590	1
590	589	1
589	591	1
591	589	1
589	592	1
592	589	1
589	593	1
593	589	1
589	594	1
594	589	1
591	465	1
465	591	1
593	1232	1
1232	593	1
593	1240	1
1240	593	1
593	2160	1
2160	593	1
594	1473	1
1473	594	1
595	596	1
596	595	1
595	597	1
597	595	1
596	1612	1
1612	596	1
596	1996	1
1996	596	1
597	842	1
842	597	1
597	1385	1
1385	597	1
597	597	1
597	597	1
597	617	1
617	597	1
598	599	1
599	598	1
600	602	1
602	600	1
602	1123	1
1123	602	1
603	605	1
605	603	1
603	606	1
606	603	1
607	608	1
608	607	1
609	610	1
610	609	1
610	1938	1
1938	610	1
614	1340	1
1340	614	1
616	617	1
617	616	1
617	725	1
725	617	1
617	921	1
921	617	1
617	940	1
940	617	1
617	1047	1
1047	617	1
617	1695	1
1695	617	1
617	1308	1
1308	617	1
617	1270	1
1270	617	1
617	1876	1
1876	617	1
617	1194	1
1194	617	1
617	1682	1
1682	617	1
617	617	1
617	617	1
617	2163	1
2163	617	1
617	1838	1
1838	617	1
617	894	1
894	617	1
617	2164	1
2164	617	1
617	869	1
869	617	1
621	622	1
622	621	1
622	783	1
783	622	1
622	861	1
861	622	1
622	1032	1
1032	622	1
622	802	1
802	622	1
622	1482	1
1482	622	1
622	1631	1
1631	622	1
622	123	1
123	622	1
622	2001	1
2001	622	1
622	1052	1
1052	622	1
622	1690	1
1690	622	1
622	1996	1
1996	622	1
622	2392	1
2392	622	1
622	2416	1
2416	622	1
625	680	1
680	625	1
625	688	1
688	625	1
625	689	1
689	625	1
625	690	1
690	625	1
625	691	1
691	625	1
625	692	1
692	625	1
625	694	1
694	625	1
625	695	1
695	625	1
628	629	1
629	628	1
631	631	1
631	631	1
631	725	1
725	631	1
631	726	1
726	631	1
631	727	1
727	631	1
631	728	1
728	631	1
631	729	1
729	631	1
631	730	1
730	631	1
632	893	1
893	632	1
632	894	1
894	632	1
632	728	1
728	632	1
632	895	1
895	632	1
633	1308	1
1308	633	1
634	766	1
766	634	1
634	634	1
634	634	1
638	1061	1
1061	638	1
638	1182	1
1182	638	1
638	843	1
843	638	1
638	1355	1
1355	638	1
638	1196	1
1196	638	1
638	2178	1
2178	638	1
638	1198	1
1198	638	1
638	1720	1
1720	638	1
638	638	1
638	638	1
638	1243	1
1243	638	1
638	730	1
730	638	1
639	2265	1
2265	639	1
640	1760	1
1760	640	1
643	643	1
643	643	1
643	914	1
914	643	1
645	866	1
866	645	1
647	2021	1
2021	647	1
647	2091	1
2091	647	1
647	647	1
647	647	1
650	650	1
650	650	1
650	651	1
651	650	1
657	1156	1
1156	657	1
657	1425	1
1425	657	1
657	687	1
687	657	1
660	661	1
661	660	1
661	1012	1
1012	661	1
664	665	1
665	664	1
665	983	1
983	665	1
665	1747	1
1747	665	1
665	1825	1
1825	665	1
665	2249	1
2249	665	1
665	2250	1
2250	665	1
665	2251	1
2251	665	1
665	2252	1
2252	665	1
666	667	1
667	666	1
666	668	1
668	666	1
669	670	1
670	669	1
670	2274	1
2274	670	1
672	673	1
673	672	1
673	912	1
912	673	1
673	886	1
886	673	1
673	184	1
184	673	1
674	675	1
675	674	1
676	986	1
986	676	1
676	987	1
987	676	1
676	988	1
988	676	1
676	989	1
989	676	1
676	990	1
990	676	1
676	991	1
991	676	1
677	803	1
803	677	1
677	1379	1
1379	677	1
677	1266	1
1266	677	1
678	1671	1
1671	678	1
678	678	1
678	678	1
678	1687	1
1687	678	1
678	1688	1
1688	678	1
680	680	1
680	680	1
686	687	1
687	686	1
687	1233	1
1233	687	1
687	2346	1
2346	687	1
687	2526	1
2526	687	1
691	1270	1
1270	691	1
696	697	1
697	696	1
697	2344	1
2344	697	1
698	699	1
699	698	1
699	1025	1
1025	699	1
701	702	1
702	701	1
702	1336	1
1336	702	1
702	702	1
702	702	1
702	1221	1
1221	702	1
702	1837	1
1837	702	1
702	776	1
776	702	1
704	705	1
705	704	1
706	707	1
707	706	1
708	709	1
709	708	1
708	710	1
710	708	1
709	1270	1
1270	709	1
709	902	1
902	709	1
710	2301	1
2301	710	1
710	813	1
813	710	1
710	710	1
710	710	1
711	712	1
712	711	1
712	1874	1
1874	712	1
712	1051	1
1051	712	1
712	1662	1
1662	712	1
715	716	1
716	715	1
719	720	1
720	719	1
721	722	1
722	721	1
722	782	1
782	722	1
722	1285	1
1285	722	1
722	1286	1
1286	722	1
722	1287	1
1287	722	1
725	747	1
747	725	1
725	748	1
748	725	1
725	749	1
749	725	1
728	1189	1
1189	728	1
728	747	1
747	728	1
729	749	1
749	729	1
730	763	1
763	730	1
734	735	1
735	734	1
736	736	1
736	736	1
736	737	1
737	736	1
737	889	1
889	737	1
737	919	1
919	737	1
740	741	1
741	740	1
741	1605	1
1605	741	1
741	2491	1
2491	741	1
741	2496	1
2496	741	1
745	746	1
746	745	1
746	944	1
944	746	1
746	842	1
842	746	1
746	1426	1
1426	746	1
746	1355	1
1355	746	1
746	2112	1
2112	746	1
746	1356	1
1356	746	1
746	2419	1
2419	746	1
746	1408	1
1408	746	1
746	982	1
982	746	1
747	1940	1
1940	747	1
749	1061	1
1061	749	1
749	1173	1
1173	749	1
749	842	1
842	749	1
749	1779	1
1779	749	1
749	1285	1
1285	749	1
749	749	1
749	749	1
749	2456	1
2456	749	1
749	2457	1
2457	749	1
749	2458	1
2458	749	1
750	465	1
465	750	1
465	1010	1
1010	465	1
465	1096	1
1096	465	1
465	1097	1
1097	465	1
751	752	1
752	751	1
752	1051	1
1051	752	1
752	2289	1
2289	752	1
753	754	1
754	753	1
754	1807	1
1807	754	1
754	1222	1
1222	754	1
755	1413	1
1413	755	1
756	1835	1
1835	756	1
756	2372	1
2372	756	1
756	2384	1
2384	756	1
756	812	1
812	756	1
756	2486	1
2486	756	1
756	2487	1
2487	756	1
757	758	1
758	757	1
759	775	1
775	759	1
762	763	1
763	762	1
762	764	1
764	762	1
762	765	1
765	762	1
763	784	1
784	763	1
763	1355	1
1355	763	1
763	1356	1
1356	763	1
763	1357	1
1357	763	1
764	957	1
957	764	1
764	1311	1
1311	764	1
764	1632	1
1632	764	1
765	2350	1
2350	765	1
768	769	1
769	768	1
771	772	1
772	771	1
773	774	1
774	773	1
774	1930	1
1930	774	1
775	1339	1
1339	775	1
777	779	1
779	777	1
777	780	1
780	777	1
780	1161	1
1161	780	1
782	783	1
783	782	1
783	825	1
825	783	1
785	786	1
786	785	1
786	2080	1
2080	786	1
788	789	1
789	788	1
788	790	1
790	788	1
790	1038	1
1038	790	1
791	349	1
349	791	1
794	1135	1
1135	794	1
794	1597	1
1597	794	1
796	1270	1
1270	796	1
148	1141	1
1141	148	1
148	2156	1
2156	148	1
800	893	1
893	800	1
800	1838	1
1838	800	1
801	801	1
801	801	1
801	841	1
841	801	1
801	842	1
842	801	1
801	843	1
843	801	1
801	844	1
844	801	1
801	845	1
845	801	1
801	846	1
846	801	1
801	847	1
847	801	1
802	960	1
960	802	1
802	1099	1
1099	802	1
802	1100	1
1100	802	1
802	1101	1
1101	802	1
802	1009	1
1009	802	1
802	1102	1
1102	802	1
802	1103	1
1103	802	1
805	1629	1
1629	805	1
805	1905	1
1905	805	1
805	1906	1
1906	805	1
806	1952	1
1952	806	1
808	1295	1
1295	808	1
810	739	1
739	810	1
810	863	1
863	810	1
811	1353	1
1353	811	1
811	1340	1
1340	811	1
811	1622	1
1622	811	1
811	1682	1
1682	811	1
811	2003	1
2003	811	1
811	1971	1
1971	811	1
811	2017	1
2017	811	1
813	1284	1
1284	813	1
813	732	1
732	813	1
813	1904	1
1904	813	1
817	1841	1
1841	817	1
822	1119	1
1119	822	1
822	1431	1
1431	822	1
822	1960	1
1960	822	1
822	2096	1
2096	822	1
822	2098	1
2098	822	1
822	1017	1
1017	822	1
822	1830	1
1830	822	1
822	2472	1
2472	822	1
823	824	1
824	823	1
824	2034	1
2034	824	1
825	2139	1
2139	825	1
826	827	1
827	826	1
826	828	1
828	826	1
827	1280	1
1280	827	1
827	1009	1
1009	827	1
828	1009	1
1009	828	1
833	834	1
834	833	1
833	835	1
835	833	1
834	897	1
897	834	1
834	1224	1
1224	834	1
834	834	1
834	834	1
836	837	1
837	836	1
837	2023	1
2023	837	1
837	1763	1
1763	837	1
837	2031	1
2031	837	1
838	839	1
839	838	1
703	840	1
840	703	1
842	1311	1
1311	842	1
842	1370	1
1370	842	1
842	1371	1
1371	842	1
843	1046	1
1046	843	1
843	1187	1
1187	843	1
843	1541	1
1541	843	1
843	892	1
892	843	1
843	1613	1
1613	843	1
843	847	1
847	843	1
846	1555	1
1555	846	1
847	860	1
860	847	1
847	847	1
847	847	1
849	850	1
850	849	1
850	908	1
908	850	1
850	1232	1
1232	850	1
851	852	1
852	851	1
858	859	1
859	858	1
858	860	1
860	858	1
859	1980	1
1980	859	1
860	1573	1
1573	860	1
860	1258	1
1258	860	1
860	1051	1
1051	860	1
860	1053	1
1053	860	1
860	1399	1
1399	860	1
860	2339	1
2339	860	1
861	862	1
862	861	1
861	863	1
863	861	1
863	1268	1
1268	863	1
864	865	1
865	864	1
865	1340	1
1340	865	1
865	2109	1
2109	865	1
866	867	1
867	866	1
866	868	1
868	866	1
866	869	1
869	866	1
869	946	1
946	869	1
869	1573	1
1573	869	1
872	873	1
873	872	1
873	873	1
873	873	1
873	1688	1
1688	873	1
873	2380	1
2380	873	1
873	1454	1
1454	873	1
873	2381	1
2381	873	1
873	2382	1
2382	873	1
873	2383	1
2383	873	1
874	875	1
875	874	1
880	881	1
881	880	1
881	1060	1
1060	881	1
881	1880	1
1880	881	1
881	1881	1
1881	881	1
881	1882	1
1882	881	1
881	1883	1
1883	881	1
881	1884	1
1884	881	1
882	883	1
883	882	1
883	884	1
884	883	1
883	1638	1
1638	883	1
883	2176	1
2176	883	1
885	886	1
886	885	1
886	604	1
604	886	1
886	1583	1
1583	886	1
887	888	1
888	887	1
889	818	1
818	889	1
890	996	1
996	890	1
890	999	1
999	890	1
893	893	1
893	893	1
893	1222	1
1222	893	1
893	1223	1
1223	893	1
894	1496	1
1496	894	1
894	894	1
894	894	1
895	1384	1
1384	895	1
895	1782	1
1782	895	1
895	1094	1
1094	895	1
895	895	1
895	895	1
899	207	1
207	899	1
900	901	1
901	900	1
900	902	1
902	900	1
902	1301	1
1301	902	1
902	1280	1
1280	902	1
902	1232	1
1232	902	1
902	1699	1
1699	902	1
902	1743	1
1743	902	1
902	2247	1
2247	902	1
902	1830	1
1830	902	1
902	1054	1
1054	902	1
903	904	1
904	903	1
904	1475	1
1475	904	1
904	904	1
904	904	1
905	906	1
906	905	1
907	908	1
908	907	1
908	915	1
915	908	1
908	1346	1
1346	908	1
908	1433	1
1433	908	1
911	911	1
911	911	1
911	912	1
912	911	1
913	878	1
878	913	1
878	1247	1
1247	878	1
878	1248	1
1248	878	1
878	1249	1
1249	878	1
915	915	1
915	915	1
915	916	1
916	915	1
915	917	1
917	915	1
915	918	1
918	915	1
915	920	1
920	915	1
916	1154	1
1154	916	1
920	1362	1
1362	920	1
920	919	1
919	920	1
920	1849	1
1849	920	1
921	922	1
922	921	1
921	923	1
923	921	1
921	924	1
924	921	1
924	184	1
184	924	1
926	927	1
927	926	1
928	929	1
929	928	1
929	1251	1
1251	929	1
930	931	1
931	930	1
930	932	1
932	930	1
931	363	1
363	931	1
931	1929	1
1929	931	1
931	1905	1
1905	931	1
932	1016	1
1016	932	1
933	934	1
934	933	1
933	935	1
935	933	1
933	936	1
936	933	1
935	2173	1
2173	935	1
935	2174	1
2174	935	1
936	1038	1
1038	936	1
936	1145	1
1145	936	1
936	1804	1
1804	936	1
936	1879	1
1879	936	1
936	2464	1
2464	936	1
936	936	1
936	936	1
937	938	1
938	937	1
941	942	1
942	941	1
951	952	1
952	951	1
952	1150	1
1150	952	1
952	1741	1
1741	952	1
952	1742	1
1742	952	1
131	1332	1
1332	131	1
955	956	1
956	955	1
959	1025	1
1025	959	1
960	985	1
985	960	1
960	1497	1
1497	960	1
961	1311	1
1311	961	1
962	1909	1
1909	962	1
962	1982	1
1982	962	1
962	1845	1
1845	962	1
962	1286	1
1286	962	1
963	1561	1
1561	963	1
963	2366	1
2366	963	1
968	969	1
969	968	1
972	973	1
973	972	1
974	975	1
975	974	1
975	1179	1
1179	975	1
975	1099	1
1099	975	1
977	978	1
978	977	1
980	981	1
981	980	1
980	982	1
982	980	1
990	1294	1
1294	990	1
991	1330	1
1330	991	1
991	2152	1
2152	991	1
992	993	1
993	992	1
999	1633	1
1633	999	1
999	1463	1
1463	999	1
999	1618	1
1618	999	1
999	1293	1
1293	999	1
999	1650	1
1650	999	1
999	1651	1
1651	999	1
1001	1301	1
1301	1001	1
1001	1095	1
1095	1001	1
1001	2403	1
2403	1001	1
1002	1003	1
1003	1002	1
1003	1958	1
1958	1003	1
1003	1911	1
1911	1003	1
1003	2468	1
2468	1003	1
1003	1236	1
1236	1003	1
1004	1005	1
1005	1004	1
1010	1011	1
1011	1010	1
1011	1224	1
1224	1011	1
1013	1014	1
1014	1013	1
1013	1016	1
1016	1013	1
1013	1017	1
1017	1013	1
1013	1018	1
1018	1013	1
1013	1020	1
1020	1013	1
1017	1430	1
1430	1017	1
1020	1250	1
1250	1020	1
1024	1025	1
1025	1024	1
1025	1467	1
1467	1025	1
1025	1657	1
1657	1025	1
1025	1392	1
1392	1025	1
1025	2184	1
2184	1025	1
1025	2515	1
2515	1025	1
1025	2516	1
2516	1025	1
1026	1027	1
1027	1026	1
1027	1327	1
1327	1027	1
1032	1033	1
1033	1032	1
1032	1034	1
1034	1032	1
1033	1145	1
1145	1033	1
1035	1036	1
1036	1035	1
1036	1402	1
1402	1036	1
1036	1554	1
1554	1036	1
1036	1628	1
1628	1036	1
1036	1778	1
1778	1036	1
1036	1902	1
1902	1036	1
1036	2371	1
2371	1036	1
1036	2510	1
2510	1036	1
1036	2230	1
2230	1036	1
1036	2522	1
2522	1036	1
1038	1039	1
1039	1038	1
1038	1040	1
1040	1038	1
1038	1041	1
1041	1038	1
1038	1042	1
1042	1038	1
1038	1043	1
1043	1038	1
1038	1044	1
1044	1038	1
1038	1045	1
1045	1038	1
1040	1112	1
1112	1040	1
1040	1297	1
1297	1040	1
1040	1040	1
1040	1040	1
1040	1314	1
1314	1040	1
1040	1315	1
1315	1040	1
1041	1041	1
1041	1041	1
1041	1130	1
1130	1041	1
1041	1583	1
1583	1041	1
1043	1043	1
1043	1043	1
1044	1954	1
1954	1044	1
1044	1955	1
1955	1044	1
1049	1049	1
1049	1049	1
1052	1788	1
1788	1052	1
1053	1290	1
1290	1053	1
1053	2296	1
2296	1053	1
1053	776	1
776	1053	1
1054	2246	1
2246	1054	1
1055	1056	1
1056	1055	1
1058	1059	1
1059	1058	1
1062	1063	1
1063	1062	1
1064	1704	1
1704	1064	1
1009	1405	1
1405	1009	1
1065	1066	1
1066	1065	1
1067	1068	1
1068	1067	1
1067	1069	1
1069	1067	1
1069	1069	1
1069	1069	1
1069	2288	1
2288	1069	1
1074	1399	1
1399	1074	1
1076	1361	1
1361	1076	1
1076	1709	1
1709	1076	1
1076	1191	1
1191	1076	1
1076	1710	1
1710	1076	1
1080	1285	1
1285	1080	1
1085	1174	1
1174	1085	1
1085	1429	1
1429	1085	1
1085	1051	1
1051	1085	1
1085	2090	1
2090	1085	1
1087	2196	1
2196	1087	1
1087	818	1
818	1087	1
1094	1368	1
1368	1094	1
1094	363	1
363	1094	1
1096	1365	1
1365	1096	1
1096	1705	1
1705	1096	1
1096	1744	1
1744	1096	1
1096	1222	1
1222	1096	1
1096	2307	1
2307	1096	1
1096	2501	1
2501	1096	1
1097	1240	1
1240	1097	1
1097	1586	1
1586	1097	1
1097	1957	1
1957	1097	1
1097	2442	1
2442	1097	1
1097	1097	1
1097	1097	1
1097	1333	1
1333	1097	1
1100	1283	1
1283	1100	1
1100	1783	1
1783	1100	1
1100	1969	1
1969	1100	1
1101	1215	1
1215	1101	1
1101	2012	1
2012	1101	1
1101	1198	1
1198	1101	1
1101	2283	1
2283	1101	1
1101	2177	1
2177	1101	1
1103	1283	1
1283	1103	1
1105	1106	1
1106	1105	1
1105	1107	1
1107	1105	1
1106	1107	1
1107	1106	1
1107	1169	1
1169	1107	1
1107	1675	1
1675	1107	1
1112	1112	1
1112	1112	1
1115	1116	1
1116	1115	1
1118	1621	1
1621	1118	1
1122	1123	1
1123	1122	1
1123	1584	1
1584	1123	1
1123	2136	1
2136	1123	1
1123	2137	1
2137	1123	1
1126	1127	1
1127	1126	1
1126	1128	1
1128	1126	1
1127	1972	1
1972	1127	1
1128	1610	1
1610	1128	1
1129	1130	1
1130	1129	1
1131	1131	1
1131	1131	1
1132	469	1
469	1132	1
1136	1137	1
1137	1136	1
1141	1142	1
1142	1141	1
1144	1145	1
1145	1144	1
1145	1145	1
1145	1145	1
1145	1051	1
1051	1145	1
1145	1383	1
1383	1145	1
1008	1146	1
1146	1008	1
1008	1149	1
1149	1008	1
1150	1151	1
1151	1150	1
1153	1154	1
1154	1153	1
1154	2272	1
2272	1154	1
1161	401	1
401	1161	1
1161	1162	1
1162	1161	1
1161	1163	1
1163	1161	1
401	1306	1
1306	401	1
401	652	1
652	401	1
1165	1165	1
1165	1165	1
1165	1166	1
1166	1165	1
1168	1658	1
1658	1168	1
1171	2018	1
2018	1171	1
1171	1848	1
1848	1171	1
1171	2258	1
2258	1171	1
1175	1701	1
1701	1175	1
1182	1182	1
1182	1182	1
1182	1243	1
1243	1182	1
1186	1181	1
1181	1186	1
1187	1187	1
1187	1187	1
1187	1867	1
1867	1187	1
1190	2003	1
2003	1190	1
1194	1308	1
1308	1194	1
1194	2104	1
2104	1194	1
1197	1340	1
1340	1197	1
1197	2239	1
2239	1197	1
1197	2240	1
2240	1197	1
1198	1308	1
1308	1198	1
1198	1867	1
1867	1198	1
414	2312	1
2312	414	1
1199	1308	1
1308	1199	1
1202	1452	1
1452	1202	1
1208	1209	1
1209	1208	1
1214	1214	1
1214	1214	1
1215	1216	1
1216	1215	1
1220	1221	1
1221	1220	1
1221	1552	1
1552	1221	1
1222	1302	1
1302	1222	1
1222	1485	1
1485	1222	1
1222	2105	1
2105	1222	1
1222	2107	1
2107	1222	1
1226	1227	1
1227	1226	1
1228	1229	1
1229	1228	1
1228	1230	1
1230	1228	1
1232	1271	1
1271	1232	1
1232	1346	1
1346	1232	1
1232	1270	1
1270	1232	1
1234	1234	1
1234	1234	1
1237	1504	1
1504	1237	1
1237	1512	1
1512	1237	1
1237	1051	1
1051	1237	1
1240	1250	1
1250	1240	1
1240	1376	1
1376	1240	1
1240	1051	1
1051	1240	1
1244	1218	1
1218	1244	1
1245	1246	1
1246	1245	1
1250	1251	1
1251	1250	1
1250	1252	1
1252	1250	1
1250	1253	1
1253	1250	1
1252	1424	1
1424	1252	1
1255	1255	1
1255	1255	1
1257	1258	1
1258	1257	1
1258	1258	1
1258	1258	1
1258	1911	1
1911	1258	1
1261	1262	1
1262	1261	1
1263	1265	1
1265	1263	1
1263	1266	1
1266	1263	1
1267	1267	1
1267	1267	1
1267	1268	1
1268	1267	1
1268	2300	1
2300	1268	1
1268	1605	1
1605	1268	1
1269	1270	1
1270	1269	1
1270	1280	1
1280	1270	1
1270	1451	1
1451	1270	1
1270	1743	1
1743	1270	1
1270	1824	1
1824	1270	1
1270	1656	1
1656	1270	1
1270	1825	1
1825	1270	1
1270	1826	1
1826	1270	1
1270	1404	1
1404	1270	1
1270	1828	1
1828	1270	1
1270	1829	1
1829	1270	1
1270	1830	1
1830	1270	1
1270	1831	1
1831	1270	1
1270	1832	1
1832	1270	1
1271	739	1
739	1271	1
1271	1272	1
1272	1271	1
739	1294	1
1294	739	1
739	1551	1
1551	739	1
739	1686	1
1686	739	1
1272	1979	1
1979	1272	1
1275	1276	1
1276	1275	1
1275	1277	1
1277	1275	1
1276	1945	1
1945	1276	1
1282	1283	1
1283	1282	1
1283	1569	1
1569	1283	1
1285	1452	1
1452	1285	1
1285	1457	1
1457	1285	1
1285	1592	1
1592	1285	1
1285	1727	1
1727	1285	1
1285	1852	1
1852	1285	1
1285	1853	1
1853	1285	1
1286	1294	1
1294	1286	1
1286	1909	1
1909	1286	1
1286	2506	1
2506	1286	1
1286	1286	1
1286	1286	1
1294	1295	1
1295	1294	1
1295	1975	1
1975	1295	1
1295	1976	1
1976	1295	1
1295	1977	1
1977	1295	1
1297	1298	1
1298	1297	1
1297	1299	1
1299	1297	1
1297	818	1
818	1297	1
818	1851	1
1851	818	1
818	1332	1
1332	818	1
818	818	1
818	818	1
1303	1304	1
1304	1303	1
1305	1306	1
1306	1305	1
1307	1307	1
1307	1307	1
1308	1499	1
1499	1308	1
1308	1502	1
1502	1308	1
1309	1309	1
1309	1309	1
1311	1312	1
1312	1311	1
1311	1313	1
1313	1311	1
1312	1410	1
1410	1312	1
1313	2335	1
2335	1313	1
1317	1318	1
1318	1317	1
1326	1326	1
1326	1326	1
1327	655	1
655	1327	1
1328	1328	1
1328	1328	1
1328	652	1
652	1328	1
1329	1330	1
1330	1329	1
1330	1506	1
1506	1330	1
1330	1507	1
1507	1330	1
1330	1508	1
1508	1330	1
1330	1509	1
1509	1330	1
1331	1332	1
1332	1331	1
1332	1437	1
1437	1332	1
1332	1991	1
1991	1332	1
1334	1335	1
1335	1334	1
1335	2170	1
2170	1335	1
1335	2171	1
2171	1335	1
1243	1794	1
1794	1243	1
1340	1340	1
1340	1340	1
1340	1472	1
1472	1340	1
1340	1473	1
1473	1340	1
1340	1474	1
1474	1340	1
1340	1475	1
1475	1340	1
1340	1454	1
1454	1340	1
1340	1476	1
1476	1340	1
1341	1746	1
1746	1341	1
1342	1794	1
1794	1342	1
1343	1944	1
1944	1343	1
1134	1134	1
1134	1134	1
1347	1348	1
1348	1347	1
1348	1348	1
1348	1348	1
1348	1848	1
1848	1348	1
1348	1849	1
1849	1348	1
1349	1350	1
1350	1349	1
1349	1351	1
1351	1349	1
1353	1354	1
1354	1353	1
1354	2110	1
2110	1354	1
1357	2074	1
2074	1357	1
1358	1358	1
1358	1358	1
1363	363	1
363	1363	1
363	2102	1
2102	363	1
363	2103	1
2103	363	1
1366	1366	1
1366	1366	1
1366	1367	1
1367	1366	1
1367	1928	1
1928	1367	1
1370	1370	1
1370	1370	1
1371	1986	1
1986	1371	1
1374	1375	1
1375	1374	1
1377	1378	1
1378	1377	1
1382	1383	1
1383	1382	1
1388	1389	1
1389	1388	1
1389	1949	1
1949	1389	1
1391	1393	1
1393	1391	1
1393	1726	1
1726	1393	1
1393	2030	1
2030	1393	1
1393	2273	1
2273	1393	1
1393	2343	1
2343	1393	1
1394	1395	1
1395	1394	1
1395	1737	1
1737	1395	1
1395	1738	1
1738	1395	1
1395	1739	1
1739	1395	1
1398	1399	1
1399	1398	1
1399	1742	1
1742	1399	1
1399	2135	1
2135	1399	1
1399	1751	1
1751	1399	1
57	1950	1
1950	57	1
1403	1404	1
1404	1403	1
1407	1408	1
1408	1407	1
1415	1416	1
1416	1415	1
1416	1611	1
1611	1416	1
1419	1420	1
1420	1419	1
1420	1854	1
1854	1420	1
1420	2281	1
2281	1420	1
1423	1424	1
1424	1423	1
1424	1708	1
1708	1424	1
1424	1655	1
1655	1424	1
1435	1436	1
1436	1435	1
1436	1469	1
1469	1436	1
1436	1316	1
1316	1436	1
1438	655	1
655	1438	1
655	2167	1
2167	655	1
1441	1538	1
1538	1441	1
1443	1701	1
1701	1443	1
1446	1872	1
1872	1446	1
1446	2314	1
2314	1446	1
1447	2406	1
2406	1447	1
1449	1450	1
1450	1449	1
1453	1454	1
1454	1453	1
1454	2370	1
2370	1454	1
1455	1456	1
1456	1455	1
1462	1463	1
1463	1462	1
1463	1667	1
1667	1463	1
1463	1756	1
1756	1463	1
1470	1471	1
1471	1470	1
1475	2384	1
2384	1475	1
1477	1478	1
1478	1477	1
1484	1485	1
1485	1484	1
1485	1894	1
1894	1485	1
1485	2007	1
2007	1485	1
1485	2008	1
2008	1485	1
1485	2009	1
2009	1485	1
1486	1487	1
1487	1486	1
1486	1488	1
1488	1486	1
1489	1490	1
1490	1489	1
1490	1520	1
1520	1490	1
1491	1492	1
1492	1491	1
1493	1310	1
1310	1493	1
1310	1310	1
1310	1310	1
1494	1495	1
1495	1494	1
1495	1965	1
1965	1495	1
1051	1139	1
1139	1051	1
1051	1051	1
1051	1051	1
1139	1913	1
1913	1139	1
1139	1914	1
1914	1139	1
1507	1994	1
1994	1507	1
1508	2241	1
2241	1508	1
1510	1511	1
1511	1510	1
1511	2034	1
2034	1511	1
1515	1516	1
1516	1515	1
1521	1522	1
1522	1521	1
1522	1689	1
1689	1522	1
1522	1766	1
1766	1522	1
1523	1524	1
1524	1523	1
1523	1525	1
1525	1523	1
1524	2100	1
2100	1524	1
1525	1672	1
1672	1525	1
1525	1673	1
1673	1525	1
1526	1527	1
1527	1526	1
1527	1527	1
1527	1527	1
1337	1548	1
1548	1337	1
1337	1869	1
1869	1337	1
1531	1565	1
1565	1531	1
1534	1535	1
1535	1534	1
1535	1401	1
1401	1535	1
1535	1498	1
1498	1535	1
1540	1541	1
1541	1540	1
1540	1542	1
1542	1540	1
1540	1543	1
1543	1540	1
1543	2165	1
2165	1543	1
1548	1528	1
1528	1548	1
1550	1551	1
1551	1550	1
1551	1573	1
1573	1551	1
1551	1670	1
1670	1551	1
1555	1556	1
1556	1555	1
1557	1558	1
1558	1557	1
1564	1565	1
1565	1564	1
1565	1666	1
1666	1565	1
1566	1567	1
1567	1566	1
1567	1654	1
1654	1567	1
1567	1663	1
1663	1567	1
1567	1567	1
1567	1567	1
1568	1569	1
1569	1568	1
1570	615	1
615	1570	1
1574	1575	1
1575	1574	1
1575	2177	1
2177	1575	1
1576	1577	1
1577	1576	1
1580	1581	1
1581	1580	1
1581	1682	1
1682	1581	1
1585	1586	1
1586	1585	1
1586	1897	1
1897	1586	1
1586	1807	1
1807	1586	1
1586	1898	1
1898	1586	1
620	1588	1
1588	620	1
1588	1967	1
1967	1588	1
1590	1591	1
1591	1590	1
1593	1594	1
1594	1593	1
1602	2397	1
2397	1602	1
1602	1602	1
1602	1602	1
1606	1607	1
1607	1606	1
1608	1608	1
1608	1608	1
1614	1615	1
1615	1614	1
1616	1616	1
1616	1616	1
1616	1617	1
1617	1616	1
1616	1618	1
1618	1616	1
1616	1619	1
1619	1616	1
1617	1627	1
1627	1617	1
1619	2072	1
2072	1619	1
1620	1621	1
1621	1620	1
1621	1997	1
1997	1621	1
1635	1635	1
1635	1635	1
1636	1935	1
1935	1636	1
1637	1638	1
1638	1637	1
1645	1646	1
1646	1645	1
1645	1647	1
1647	1645	1
1645	1648	1
1648	1645	1
1647	1649	1
1649	1647	1
1647	2500	1
2500	1647	1
1652	1653	1
1653	1652	1
1654	1655	1
1655	1654	1
1655	1678	1
1678	1655	1
1660	1661	1
1661	1660	1
1660	1662	1
1662	1660	1
1663	1664	1
1664	1663	1
1665	1666	1
1666	1665	1
1666	2034	1
2034	1666	1
1667	1668	1
1668	1667	1
1673	1674	1
1674	1673	1
1676	62	1
62	1676	1
1676	1677	1
1677	1676	1
62	1800	1
1800	62	1
62	2179	1
2179	62	1
62	2180	1
2180	62	1
1677	2195	1
2195	1677	1
123	1679	1
1679	123	1
1681	1682	1
1682	1681	1
1682	2138	1
2138	1682	1
1689	1690	1
1690	1689	1
1693	1694	1
1694	1693	1
1694	1694	1
1694	1694	1
1624	1696	1
1696	1624	1
1702	1703	1
1703	1702	1
1713	1372	1
1372	1713	1
1717	1718	1
1718	1717	1
1721	1722	1
1722	1721	1
1722	1921	1
1921	1722	1
1724	1725	1
1725	1724	1
1725	2108	1
2108	1725	1
1725	2338	1
2338	1725	1
1725	2443	1
2443	1725	1
1725	2444	1
2444	1725	1
1729	1730	1
1730	1729	1
1734	1735	1
1735	1734	1
1750	1751	1
1751	1750	1
1751	1401	1
1401	1751	1
1754	1754	1
1754	1754	1
1761	1762	1
1762	1761	1
1763	2101	1
2101	1763	1
1767	1768	1
1768	1767	1
1771	1772	1
1772	1771	1
1771	1773	1
1773	1771	1
1771	1774	1
1774	1771	1
1771	1775	1
1775	1771	1
1776	1777	1
1777	1776	1
1786	1787	1
1787	1786	1
1787	2318	1
2318	1787	1
1788	1789	1
1789	1788	1
1791	1792	1
1792	1791	1
1791	1793	1
1793	1791	1
1795	1796	1
1796	1795	1
1796	2415	1
2415	1796	1
604	604	1
604	604	1
1801	1802	1
1802	1801	1
1807	2078	1
2078	1807	1
1808	2079	1
2079	1808	1
1813	1640	1
1640	1813	1
732	732	1
732	732	1
1818	1819	1
1819	1818	1
1822	173	1
173	1822	1
173	2043	1
2043	173	1
173	2424	1
2424	173	1
1825	1825	1
1825	1825	1
1829	2086	1
2086	1829	1
1831	2132	1
2132	1831	1
1831	2078	1
2078	1831	1
1833	1834	1
1834	1833	1
1837	2492	1
2492	1837	1
776	2158	1
2158	776	1
1841	2034	1
2034	1841	1
1843	2238	1
2238	1843	1
1843	2465	1
2465	1843	1
1856	1856	1
1856	1856	1
1857	1858	1
1858	1857	1
1859	1860	1
1860	1859	1
1867	2392	1
2392	1867	1
778	1868	1
1868	778	1
1869	1870	1
1870	1869	1
1872	2143	1
2143	1872	1
1872	2314	1
2314	1872	1
1392	1888	1
1888	1392	1
1888	1998	1
1998	1888	1
1889	1887	1
1887	1889	1
1887	1998	1
1998	1887	1
1887	1887	1
1887	1887	1
1890	1891	1
1891	1890	1
1895	1896	1
1896	1895	1
1903	1904	1
1904	1903	1
1905	2192	1
2192	1905	1
1929	1966	1
1966	1929	1
1929	2169	1
2169	1929	1
1935	1936	1
1936	1935	1
1939	1940	1
1940	1939	1
1950	2329	1
2329	1950	1
1957	2306	1
2306	1957	1
1969	1970	1
1970	1969	1
1969	1971	1
1971	1969	1
1970	2093	1
2093	1970	1
1973	1974	1
1974	1973	1
1980	2159	1
2159	1980	1
1980	2519	1
2519	1980	1
1981	1316	1
1316	1981	1
1316	2299	1
2299	1316	1
1983	1984	1
1984	1983	1
1992	1992	1
1992	1992	1
1995	1995	1
1995	1995	1
1997	2410	1
2410	1997	1
1998	1110	1
1110	1998	1
2005	2006	1
2006	2005	1
2006	2006	1
2006	2006	1
2016	2017	1
2017	2016	1
2017	2297	1
2297	2017	1
2019	2020	1
2020	2019	1
2021	2022	1
2022	2021	1
2024	2025	1
2025	2024	1
2035	2036	1
2036	2035	1
2036	2427	1
2427	2036	1
184	2082	1
2082	184	1
2038	2039	1
2039	2038	1
2047	2048	1
2048	2047	1
2050	2051	1
2051	2050	1
2050	2052	1
2052	2050	1
2051	2442	1
2442	2051	1
2055	2293	1
2293	2055	1
2056	2056	1
2056	2056	1
2057	554	1
554	2057	1
554	2351	1
2351	554	1
554	2390	1
2390	554	1
554	554	1
554	554	1
2069	2070	1
2070	2069	1
2070	2491	1
2491	2070	1
2071	2054	1
2054	2071	1
2085	1640	1
1640	2085	1
1640	2133	1
2133	1640	1
2086	2087	1
2087	2086	1
2088	2088	1
2088	2088	1
2088	2089	1
2089	2088	1
2089	2393	1
2393	2089	1
2089	2457	1
2457	2089	1
2091	2092	1
2092	2091	1
2093	2285	1
2285	2093	1
2094	2077	1
2077	2094	1
2101	2239	1
2239	2101	1
2110	2194	1
2194	2110	1
2110	2110	1
2110	2110	1
2110	2268	1
2268	2110	1
2112	2403	1
2403	2112	1
2115	2475	1
2475	2115	1
2119	1480	1
1480	2119	1
2120	2121	1
2121	2120	1
2120	2122	1
2122	2120	1
2130	2131	1
2131	2130	1
2137	2476	1
2476	2137	1
2146	2147	1
2147	2146	1
2151	2152	1
2152	2151	1
2152	2259	1
2259	2152	1
2152	2260	1
2260	2152	1
2157	2158	1
2158	2157	1
2158	2449	1
2449	2158	1
2160	2161	1
2161	2160	1
2166	2166	1
2166	2166	1
2172	256	1
256	2172	1
2193	2194	1
2194	2193	1
2200	2200	1
2200	2200	1
2200	2201	1
2201	2200	1
2204	2204	1
2204	2204	1
2253	2254	1
2254	2253	1
2256	2257	1
2257	2256	1
2261	259	1
259	2261	1
2267	2268	1
2268	2267	1
2269	2269	1
2269	2269	1
2275	2276	1
2276	2275	1
2279	2280	1
2280	2279	1
2284	2284	1
2284	2284	1
2286	2286	1
2286	2286	1
2287	2288	1
2288	2287	1
2288	2411	1
2411	2288	1
2288	2412	1
2412	2288	1
2291	2292	1
2292	2291	1
2297	2297	1
2297	2297	1
2297	2298	1
2298	2297	1
2309	2310	1
2310	2309	1
2315	2316	1
2316	2315	1
2318	2338	1
2338	2318	1
2334	2335	1
2335	2334	1
2336	2336	1
2336	2336	1
2084	2084	1
2084	2084	1
2352	2353	1
2353	2352	1
2374	2375	1
2375	2374	1
2383	2490	1
2490	2383	1
2383	2483	1
2483	2383	1
2384	2384	1
2384	2384	1
2393	2394	1
2394	2393	1
2400	2401	1
2401	2400	1
2407	2408	1
2408	2407	1
2409	2410	1
2410	2409	1
2412	2482	1
2482	2412	1
2420	2421	1
2421	2420	1
2421	2494	1
2494	2421	1
2425	2426	1
2426	2425	1
2426	2431	1
2431	2426	1
2428	2429	1
2429	2428	1
2432	2432	1
2432	2432	1
2439	2440	1
2440	2439	1
2441	2441	1
2441	2441	1
2443	2444	1
2444	2443	1
2446	2446	1
2446	2446	1
2461	2461	1
2461	2461	1
2480	2480	1
2480	2480	1
2481	2481	1
2481	2481	1
2488	2489	1
2489	2488	1
2489	2493	1
2493	2489	1
2497	2497	1
2497	2497	1
2507	2508	1
2508	2507	1
2514	2514	1
2514	2514	1
2521	2521	1
2521	2521	1
2523	2523	1
2523	2523	1
2524	2524	1
2524	2524	1